11,4
12,11
13,4
14,2
22,8
24,14
25,2
32,10
37,3
47,11
51,5
53,5
57,3
64,8
77,10
79,13
82,3
91,14
92,1
97,15
100,11
102,9
106,10
117,11
119,15
121,6
123,10
137,9
138,2
139,14
143,1
144,5
147,9
149,4
154,12
155,5
158,1
160,5
178,11
188,12
192,4
200,6
202,5
205,10
208,6
212,7
213,2
215,9
216,1
218,13
225,12
231,14
233,13
234,6
235,5
236,2
239,8
241,12
245,15
248,4
253,2
257,8
258,4
260,15
262,10
263,13
265,15
270,5
274,2
283,6
286,6
287,12
290,1
291,5
292,3
293,2
296,7
309,8
321,9
322,5
327,11
329,2
337,2
338,14
346,10
349,2
351,7
358,6
363,15
369,1
378,13
384,9
389,11
392,4
393,8
396,15
403,8
405,15
414,14
416,1
417,9
421,13
423,4
426,5
428,15
429,4
430,15
432,5
433,13
436,1
437,6
442,4
448,2
452,4
456,4
457,4
458,3
459,10
462,3
481,3
482,1
486,14
491,12
493,8
498,12
500,2
501,10
502,6
503,3
511,5
519,14
520,1
522,12
524,1
534,3
538,11
539,11
542,12
546,11
548,5
552,2
562,13
565,12
571,10
573,1
579,14
581,2
588,12
590,3
600,3
601,12
609,12
613,2
615,6
621,5
622,1
624,5
629,7
633,4
635,6
645,9
646,2
648,11
651,7
659,11
661,6
662,12
664,1
672,10
673,7
677,7
678,14
679,10
681,1
695,12
708,11
712,14
713,15
719,6
720,15
721,4
722,6
729,8
731,11
740,1
744,5
756,13
760,12
765,10
766,2
767,15
773,5
775,14
778,7
779,7
789,3
793,9
804,3
814,13
817,3
829,1
833,3
836,10
842,11
845,13
846,9
848,8
851,7
853,15
864,6
869,8
873,3
875,6
877,10
878,1
888,8
890,4
891,11
894,12
902,15
906,6
907,1
911,15
915,2
916,2
921,13
923,6
927,11
940,2
942,14
945,8
949,5
952,7
955,3
960,1
965,1
967,14
971,12
972,12
973,1
976,14
977,13
980,7
994,14
995,2
1004,5
1005,7
1009,9
1010,1
1023,2
1025,6
1036,6
1037,13
1040,15
1044,4
1046,6
1047,15
1051,6
1052,12
1054,7
1060,10
1063,8
1065,2
1071,13
1074,4
1076,13
1078,11
1080,12
1082,9
1083,5
1087,3
1088,4
1105,7
1108,11
1114,3
1115,2
1117,7
1119,4
1125,7
1126,3
1132,12
1133,9
1134,3
1138,11
1152,6
1153,12
1155,11
1156,5
1165,14
1173,12
1178,3
1180,5
1181,1
1209,11
1213,13
1214,6
1215,10
1216,3
1222,3
1225,2
1226,7
1227,12
1236,1
1237,10
1239,7
1241,2
1244,12
1257,14
1259,5
1260,3
1263,1
1268,14
1270,12
1277,7
1283,14
1289,15
1294,11
1295,4
1296,6
1298,2
1299,8
1303,7
1309,15
1313,1
1315,3
1316,13
1317,7
1324,14
1335,6
1337,9
1338,11
1345,15
1346,13
1347,14
1350,1
1354,14
1356,12
1358,13
1363,10
1366,15
1368,4
1369,14
1374,1
1377,15
1386,10
1388,13
1389,10
1390,13
1392,3
1396,15
1404,12
1406,10
1411,13
1412,8
1414,3
1420,3
1426,1
1427,13
1428,10
1430,9
1433,9
1436,1
1437,4
1441,8
1444,8
1449,3
1450,5
1460,8
1461,13
1462,8
1473,11
1479,8
1480,14
1482,3
1486,9
1489,8
1493,1
1496,3
1497,4
1498,2
1501,3
1504,3
1509,6
1511,9
1512,7
1514,5
1533,4
1551,12
1554,11
1559,13
1561,7
1563,15
1570,2
1575,11
1581,12
1583,6
1591,1
1594,13
1597,3
1599,2
1604,13
1605,15
1608,5
1610,15
1615,12
1619,13
1625,8
1627,8
1637,10
1639,9
1640,12
1643,12
1645,14
1656,14
1658,3
1663,4
1664,11
1665,1
1666,12
1678,1
1681,13
1682,14
1684,9
1688,10
1696,4
1698,12
1706,1
1707,9
1712,3
1715,3
1718,1
1719,11
1724,11
1726,10
1730,2
1731,13
1739,8
1740,3
1742,5
1743,6
1752,12
1757,4
1758,4
1762,3
1765,13
1774,5
1779,3
1780,10
1783,11
1785,8
1788,2
1790,14
1796,14
1799,13
1802,5
1805,5
1806,13
1810,10
1811,2
1812,14
1814,6
1817,5
1820,15
1823,15
1825,9
1826,3
1833,4
1836,2
1839,8
1850,6
1857,8
1858,1
1859,10
1872,12
1879,7
1884,3
1887,1
1889,2
1892,5
1907,12
1910,11
1912,15
1918,9
1922,1
1923,7
1927,8
1928,1
1933,4
1935,4
1938,13
1939,8
1947,12
1950,13
1952,8
1968,7
1970,7
1977,3
1978,6
1981,13
1985,13
1986,3
1987,14
1992,4
1996,15
2000,2
2001,15
2004,5
2007,5
2008,1
2009,15
2013,4
2017,7
2018,15
2026,9
2032,5
2033,4
2034,5
2036,12
2045,2
2049,11
2056,15
2057,5
2069,8
2072,14
2078,10
2080,9
2082,10
2089,1
2090,5
2096,9
2101,13
2102,4
2106,8
2120,6
2133,3
2139,6
2141,14
2151,12
2153,11
2155,8
2157,10
2164,11
2165,5
2166,3
2167,3
2174,7
2178,15
2181,11
2183,3
2185,15
2189,7
2199,8
2201,1
2205,4
2209,6
2213,7
2214,1
2216,5
2217,11
2220,1
2222,9
2228,13
2236,14
2242,4
2244,6
2254,10
2257,10
2267,2
2268,2
2277,9
2283,13
2284,13
2288,1
2292,12
2294,8
2295,8
2304,10
2306,7
2308,10
2310,5
2317,7
2321,8
2324,5
2328,6
2331,3
2334,2
2338,11
2341,7
2343,5
2348,15
2351,11
2358,11
2366,3
2383,6
2389,1
2395,11
2398,5
2400,3
2402,11
2403,5
2406,8
2409,8
2410,14
2413,12
2417,13
2420,5
2422,1
2423,1
2429,9
2448,1
2455,14
2462,11
2464,10
2467,3
2489,1
2500,11
2506,8
2508,11
2513,8
2514,7
2519,1
2520,8
2526,10
2528,4
2529,5
2532,9
2536,7
2537,6
2540,1
2541,3
2544,9
2546,1
2554,2
2556,14
2559,11
2561,8
2565,4
2566,9
2567,11
2569,8
2576,1
2579,7
2580,1
2583,4
2584,4
2588,6
2601,8
2604,14
2608,15
2625,10
2633,3
2637,14
2638,6
2642,15
2643,15
2649,2
2651,15
2657,11
2659,9
2663,13
2665,14
2674,2
2698,7
2700,3
2703,14
2708,5
2710,4
2712,5
2717,14
2726,15
2736,11
2737,2
2742,9
2747,12
2755,8
2760,13
2763,9
2764,4
2769,9
2778,14
2784,6
2791,13
2792,6
2795,7
2798,6
2804,7
2807,13
2808,15
2815,5
2819,1
2831,6
2836,12
2838,12
2840,2
2841,12
2846,6
2856,13
2858,1
2867,3
2868,12
2876,1
2877,9
2881,11
2882,8
2887,8
2888,7
2890,14
2897,4
2904,14
2907,10
2909,5
2913,15
2915,3
2917,6
2919,6
2924,15
2927,10
2933,3
2937,8
2938,12
2943,5
2948,8
2951,2
2953,3
2954,7
2955,12
2957,11
2958,13
2964,3
2969,7
2974,4
2980,4
2983,3
2988,1
2993,14
3001,13
3011,4
3013,6
3014,13
3016,10
3018,12
3021,5
3023,14
3024,15
3028,15
3035,8
3036,9
3048,8
3049,13
3052,6
3053,10
3054,9
3055,6
3061,3
3063,9
3072,11
3073,13
3077,8
3079,5
3081,13
3082,11
3083,6
3084,8
3086,5
3098,14
3099,5
3100,9
3102,7
3104,9
3105,11
3106,15
3112,2
3124,2
3125,12
3127,8
3128,9
3129,3
3130,1
3147,9
3150,12
3161,4
3163,2
3169,7
3173,9
3175,14
3185,10
3186,2
3191,3
3194,1
3195,9
3197,8
3201,7
3217,1
3226,8
3227,10
3228,15
3241,6
3244,10
3262,2
3269,4
3271,4
3274,5
3279,11
3282,5
3290,8
3296,11
3297,8
3306,12
3312,2
3324,6
3325,6
3329,3
3331,11
3332,2
3338,15
3340,4
3341,13
3343,8
3345,3
3348,8
3352,12
3356,14
3357,5
3364,5
3365,13
3366,3
3373,14
3375,8
3379,6
3380,9
3382,14
3384,3
3389,5
3399,9
3402,6
3411,1
3413,6
3417,6
3425,2
3431,5
3432,1
3438,12
3446,1
3449,13
3450,8
3451,6
3453,4
3456,13
3472,11
3474,14
3479,6
3480,9
3481,5
3487,3
3489,7
3490,9
3496,12
3500,8
3505,9
3506,3
3507,11
3511,10
3512,10
3513,5
3515,15
3516,15
3523,8
3525,4
3527,2
3531,8
3535,14
3538,7
3544,9
3546,10
3547,9
3550,11
3551,5
3556,4
3559,10
3564,7
3569,15
3573,3
3592,8
3593,7
3600,3
3614,15
3619,10
3631,6
3635,13
3636,11
3651,11
3666,2
3669,7
3670,15
3672,13
3674,12
3675,15
3676,9
3689,8
3690,12
3697,15
3698,4
3699,8
3704,13
3716,2
3723,14
3725,15
3727,6
3729,2
3733,3
3734,5
3740,4
3745,6
3746,12
3748,5
3755,15
3756,9
3757,7
3759,8
3760,5
3764,7
3769,6
3770,6
3771,5
3773,10
3774,1
3780,5
3781,15
3783,8
3784,15
3800,11
3801,15
3810,1
3815,6
3816,1
3821,12
3822,6
3823,2
3825,8
3828,1
3829,2
3842,7
3849,1
3850,5
3852,9
3854,1
3856,15
3857,7
3859,9
3868,4
3869,15
3876,9
3885,14
3887,7
3888,7
3890,13
3899,10
3902,13
3903,14
3904,11
3905,12
3906,5
3913,15
3914,6
3917,3
3919,9
3922,2
3923,12
3933,13
3938,13
3940,14
3943,3
3945,9
3949,6
3956,12
3960,6
3962,2
3966,7
3973,4
3974,5
3975,2
3976,4
3977,3
3979,9
3981,4
3982,10
3983,1
3984,2
3985,4
3992,6
3994,9
3997,4
4002,6
4003,4
4006,9
4011,15
4021,5
4022,14
4025,2
4026,8
4028,5
4032,4
4041,8
4042,5
4043,3
4059,7
4060,4
4063,6
4064,3
4065,11
4068,14
4069,2
4074,14
4079,3
4084,2
4096,7
4100,15
4110,15
4115,11
4126,7
4127,12
4129,14
4132,13
4144,8
4149,1
4154,11
4157,9
4158,14
4162,2
4163,2
4167,13
4168,15
4169,14
4171,11
4172,5
4175,8
4177,14
4178,8
4183,4
4184,15
4189,4
4191,4
4192,7
4199,12
4207,10
4213,7
4219,11
4224,10
4226,13
4228,9
4231,8
4235,10
4237,6
4247,6
4248,7
4250,1
4255,14
4257,1
4261,13
4270,8
4272,15
4286,6
4292,3
4294,14
4309,5
4313,13
4315,11
4318,9
4319,2
4325,6
4326,10
4329,10
4332,15
4334,6
4338,6
4343,9
4346,5
4347,15
4349,10
4359,4
4361,9
4363,11
4370,13
4372,3
4373,5
4378,13
4392,9
4393,12
4396,4
4406,1
4411,2
4415,1
4426,13
4429,13
4431,8
4435,12
4442,13
4450,7
4452,12
4458,12
4464,3
4467,6
4477,3
4478,2
4483,15
4484,1
4486,4
4498,11
4502,14
4517,12
4521,10
4529,11
4530,8
4537,14
4540,12
4541,7
4544,13
4558,13
4575,15
4582,5
4589,8
4590,7
4593,5
4595,8
4605,13
4606,9
4607,2
4608,9
4612,1
4613,6
4616,6
4617,10
4618,2
4624,14
4628,12
4631,13
4636,15
4637,7
4638,3
4639,11
4644,10
4646,5
4654,6
4655,1
4656,7
4659,2
4666,4
4669,11
4673,14
4675,14
4681,10
4689,11
4706,4
4711,9
4713,14
4714,12
4716,11
4724,12
4736,10
4739,5
4746,8
4748,7
4750,9
4751,2
4752,7
4758,15
4765,14
4768,10
4770,8
4783,9
4785,11
4789,1
4790,6
4792,12
4793,6
4795,14
4797,5
4807,6
4812,6
4817,10
4821,6
4825,4
4827,11
4828,10
4829,8
4835,12
4839,12
4845,13
4850,12
4856,10
4867,11
4869,9
4875,8
4878,12
4881,2
4886,4
4887,7
4890,4
4899,9
4900,4
4905,7
4906,15
4907,15
4911,6
4913,7
4924,1
4926,3
4928,8
4936,5
4937,14
4939,1
4940,4
4950,2
4971,5
4972,2
4979,5
4981,5
4985,1
4988,8
4989,6
4996,13
4998,15
4999,13
5000,10
5002,5
5003,14
5014,14
5017,15
5018,9
5020,3
5021,12
5023,11
5027,7
5028,10
5037,9
5041,1
5045,10
5046,5
5048,9
5054,10
5059,9
5064,11
5070,12
5073,10
5077,14
5081,12
5089,4
5090,14
5091,9
5099,11
5100,12
5102,8
5104,12
5110,8
5114,11
5115,6
5123,2
5129,13
5137,5
5145,13
5152,9
5154,13
5155,6
5162,15
5164,8
5168,11
5173,6
5174,2
5180,3
5185,14
5188,10
5191,13
5193,1
5194,14
5195,6
5201,5
5203,6
5204,7
5205,15
5208,12
5209,8
5210,8
5219,6
5239,6
5240,2
5244,1
5259,8
5260,4
5263,3
5268,13
5269,7
5270,14
5278,9
5281,14
5284,11
5290,5
5295,13
5296,13
5304,1
5313,3
5314,8
5317,14
5318,10
5325,1
5326,15
5327,7
5333,2
5343,5
5362,1
5364,11
5370,14
5374,7
5377,3
5379,4
5380,8
5383,12
5384,8
5385,6
5391,6
5414,1
5418,2
5420,5
5431,6
5432,14
5434,1
5436,12
5439,7
5440,13
5443,14
5445,2
5446,7
5450,11
5457,5
5459,5
5462,14
5467,6
5482,2
5483,3
5488,12
5489,4
5490,9
5492,7
5494,10
5497,11
5499,13
5506,14
5508,14
5510,3
5511,7
5517,10
5523,3
5528,12
5531,12
5532,5
5533,4
5536,2
5537,7
5549,11
5555,11
5561,1
5562,15
5568,15
5569,6
5572,1
5574,13
5576,14
5579,15
5585,13
5586,15
5591,4
5597,8
5603,9
5611,8
5619,9
5623,2
5624,14
5629,10
5631,8
5634,4
5637,15
5638,11
5642,15
5644,3
5648,2
5649,6
5652,7
5653,4
5657,11
5659,12
5662,13
5664,3
5670,2
5676,7
5682,2
5685,13
5690,1
5695,7
5696,8
5704,9
5711,6
5714,2
5723,12
5724,13
5725,7
5726,8
5727,12
5728,14
5738,6
5742,15
5747,10
5748,10
5749,5
5755,4
5768,14
5770,14
5773,7
5778,13
5784,2
5793,3
5799,15
5801,2
5803,7
5813,15
5815,9
5817,12
5820,1
5821,4
5829,2
5836,11
5838,15
5840,14
5845,6
5856,4
5861,4
5864,15
5871,10
5873,4
5875,3
5877,3
5882,5
5884,4
5885,4
5886,15
5892,11
5895,8
5903,15
5906,11
5907,10
5912,2
5913,8
5915,2
5916,11
5921,13
5925,12
5927,6
5950,10
5954,6
5955,13
5957,7
5958,2
5959,12
5965,6
5966,7
5967,3
5968,2
5969,1
5972,12
5978,2
5980,6
5982,3
5983,2
5984,10
5988,11
5993,1
5997,13
6000,1
6001,14
6008,12
6010,14
6011,2
6014,6
6016,11
6021,11
6022,7
6024,11
6027,2
6034,3
6038,12
6041,1
6043,3
6045,13
6048,10
6049,10
6052,11
6056,12
6060,11
6072,4
6075,9
6076,11
6077,10
6084,6
6087,14
6092,11
6094,12
6098,4
6103,1
6106,7
6108,14
6112,6
6113,12
6114,15
6117,4
6119,5
6122,2
6124,3
6126,15
6129,9
6133,14
6136,13
6137,1
6142,9
6144,5
6150,11
6160,6
6161,2
6171,10
6176,15
6178,8
6182,6
6184,3
6187,3
6200,2
6202,1
6205,3
6207,5
6212,2
6215,6
6222,13
6224,11
6230,9
6239,4
6245,2
6246,4
6255,1
6256,7
6266,7
6270,7
6274,3
6276,1
6278,4
6283,10
6287,6
6288,6
6290,2
6295,13
6298,11
6302,9
6307,1
6309,12
6320,15
6325,1
6343,7
6351,1
6353,9
6358,14
6362,3
6367,7
6371,3
6377,3
6379,8
6380,10
6381,1
6382,6
6386,11
6387,2
6389,12
6393,10
6396,4
6399,13
6400,11
6405,13
6407,13
6415,2
6416,10
6417,2
6428,11
6432,15
6435,4
6445,4
6449,8
6453,9
6463,2
6465,10
6467,11
6473,10
6474,12
6475,11
6479,9
6481,1
6491,2
6501,6
6505,4
6509,10
6511,11
6514,13
6515,13
6520,5
6521,6
6523,4
6524,4
6525,15
6527,3
6532,9
6533,12
6536,3
6539,3
6541,15
6548,8
6549,4
6553,8
6557,4
6561,5
6562,3
6567,9
6572,8
6574,9
6579,12
6585,7
6588,5
6597,4
6606,1
6612,12
6615,14
6618,7
6632,12
6635,13
6638,13
6643,5
6645,15
6646,6
6653,1
6654,8
6656,12
6659,3
6663,6
6665,2
6673,7
6681,5
6682,7
6683,15
6685,14
6698,2
6702,3
6703,13
6705,5
6707,4
6714,6
6718,6
6729,3
6730,4
6731,13
6738,15
6739,6
6745,6
6748,6
6762,3
6763,7
6765,1
6766,1
6776,1
6777,7
6780,15
6782,9
6786,8
6788,13
6792,14
6804,10
6812,8
6813,2
6815,13
6818,5
6822,10
6827,8
6832,3
6833,8
6838,10
6840,11
6856,13
6857,10
6859,7
6868,7
6875,1
6880,9
6883,14
6889,15
6891,13
6893,6
6901,3
6902,14
6908,15
6911,13
6912,8
6916,12
6925,13
6930,9
6931,13
6933,5
6935,10
6939,5
6942,6
6946,6
6951,8
6952,6
6959,13
6960,6
6964,6
6967,9
6968,9
6970,7
6973,9
6974,9
6983,3
6984,13
6991,9
6992,12
6995,8
6999,12
7000,13
7001,15
7002,1
7005,6
7008,8
7009,4
7011,11
7012,2
7015,14
7018,11
7019,5
7020,6
7024,3
7026,11
7034,1
7035,6
7041,9
7042,2
7044,12
7047,7
7049,10
7055,13
7056,2
7058,7
7059,15
7062,10
7064,8
7083,5
7084,14
7087,7
7089,12
7091,10
7092,12
7093,13
7095,14
7102,10
7104,8
7105,3
7107,6
7108,7
7120,3
7122,13
7124,12
7136,14
7139,1
7142,15
7143,11
7147,9
7152,3
7157,11
7159,9
7165,1
7167,8
7171,9
7178,2
7184,10
7186,1
7188,2
7190,4
7191,6
7192,11
7193,12
7195,15
7198,3
7203,7
7210,4
7212,7
7217,9
7218,14
7221,8
7225,9
7230,6
7231,1
7232,6
7236,6
7244,9
7248,14
7254,4
7256,9
7260,8
7261,10
7265,12
7268,11
7270,6
7275,1
7279,14
7281,12
7284,7
7293,5
7295,8
7312,15
7314,9
7319,5
7322,5
7337,2
7347,2
7348,11
7350,5
7353,15
7357,15
7361,8
7363,5
7366,7
7369,13
7372,14
7375,7
7380,8
7381,11
7384,15
7386,1
7389,9
7393,6
7396,9
7399,3
7406,13
7413,2
7414,12
7417,9
7421,4
7423,2
7424,5
7433,10
7436,11
7437,9
7447,3
7448,9
7449,15
7450,12
7454,8
7457,13
7458,8
7459,8
7460,13
7463,9
7464,7
7479,5
7481,10
7485,15
7487,13
7495,14
7496,11
7499,5
7500,5
7502,8
7503,3
7508,10
7516,2
7518,1
7520,8
7523,15
7531,9
7542,10
7550,8
7562,1
7565,11
7575,6
7581,5
7585,6
7587,4
7588,15
7590,7
7591,1
7592,11
7593,12
7600,5
7606,10
7607,2
7616,1
7617,15
7621,8
7626,7
7628,3
7630,4
7638,11
7649,11
7655,10
7661,14
7669,9
7675,6
7677,4
7679,4
7681,14
7682,7
7683,12
7688,5
7691,11
7694,2
7697,8
7698,13
7699,1
7700,5
7702,2
7703,8
7705,11
7706,7
7709,13
7716,4
7720,6
7721,14
7722,12
7729,12
7736,9
7749,11
7753,7
7757,4
7760,4
7768,10
7770,5
7772,9
7775,12
7777,11
7778,13
7784,13
7788,7
7789,12
7791,13
7793,9
7796,9
7797,1
7803,7
7805,12
7811,4
7812,14
7814,9
7815,11
7819,3
7821,11
7828,9
7836,5
7846,13
7857,14
7858,10
7860,4
7862,4
7866,8
7873,5
7876,3
7880,11
7884,6
7888,3
7891,15
7894,15
7898,7
7900,2
7903,3
7909,7
7913,4
7916,11
7918,4
7919,13
7935,2
7958,8
7959,10
7960,7
7962,12
7975,10
7979,9
7980,10
7981,11
7984,14
7989,10
7990,10
7998,1
7999,13
8001,14
8010,2
8015,13
8017,6
8021,13
8026,13
8028,11
8029,2
8030,15
8032,4
8035,9
8036,10
8037,7
8050,8
8052,12
8062,4
8063,4
8071,8
8072,10
8073,12
8076,11
8077,6
8079,9
8081,13
8082,12
8083,10
8085,1
8093,8
8094,12
8095,1
8106,8
8112,7
8117,15
8118,8
8119,14
8121,13
8128,1
8134,3
8136,15
8145,4
8147,3
8148,6
8153,10
8156,1
8158,8
8160,14
8163,8
8166,3
8172,13
8175,3
8178,15
8180,15
8181,1
8182,9
8191,8
8192,15
8195,13
8201,7
8209,14
8225,8
8227,11
8236,9
8238,9
8239,8
8243,14
8247,9
8249,14
8254,2
8259,15
8260,5
8269,12
8272,9
8273,14
8282,7
8288,1
8293,12
8294,3
8295,12
8297,12
8298,7
8307,3
8314,4
8316,5
8326,7
8336,11
8338,2
8339,13
8344,3
8359,6
8360,6
8365,7
8369,15
8374,8
8387,3
8389,13
8398,7
8408,8
8411,13
8415,15
8416,14
8417,15
8419,2
8424,12
8437,14
8438,13
8440,13
8444,2
8446,10
8448,7
8452,7
8454,14
8460,6
8464,12
8465,14
8474,6
8475,2
8476,4
8482,7
8483,4
8487,7
8491,14
8494,13
8498,8
8499,3
8504,14
8506,11
8508,3
8512,14
8516,2
8521,2
8527,5
8531,13
8541,10
8544,10
8552,9
8554,12
8555,9
8559,11
8560,11
8566,14
8570,5
8573,15
8574,10
8580,14
8582,15
8588,14
8589,12
8590,12
8592,10
8595,9
8599,6
8601,8
8605,12
8609,6
8628,10
8635,8
8636,4
8638,7
8639,3
8644,2
8645,8
8647,15
8648,6
8655,3
8658,10
8659,1
8668,11
8669,5
8670,9
8676,12
8680,1
8685,3
8686,8
8688,2
8695,13
8697,9
8699,10
8706,13
8719,14
8721,15
8723,11
8724,4
8726,10
8728,3
8729,4
8730,2
8732,13
8736,2
8741,9
8747,13
8748,12
8750,10
8751,2
8752,1
8754,10
8755,14
8763,8
8770,1
8774,4
8777,2
8780,12
8790,9
8793,12
8794,4
8798,12
8803,6
8804,13
8806,5
8807,14
8814,7
8817,4
8822,14
8823,12
8825,15
8831,1
8834,13
8835,2
8840,1
8842,11
8850,7
8851,6
8852,6
8856,1
8865,2
8867,15
8868,10
8875,3
8877,13
8880,7
8888,10
8889,8
8890,10
8896,6
8900,11
8902,8
8903,2
8908,3
8911,7
8914,9
8917,8
8920,15
8928,6
8935,6
8937,8
8944,2
8947,4
8950,10
8954,8
8958,1
8966,13
8979,14
8980,7
8981,11
8983,2
8987,15
8993,9
8997,1
9000,9
9003,13
9011,7
9013,8
9014,2
9015,14
9025,8
9028,10
9031,3
9038,9
9047,2
9048,9
9050,5
9051,1
9055,14
9056,6
9058,4
9062,3
9065,12
9067,2
9068,7
9069,14
9071,2
9072,4
9078,2
9083,3
9085,9
9104,8
9113,4
9118,3
9119,14
9121,3
9127,15
9132,5
9134,11
9135,1
9150,9
9154,15
9162,13
9163,9
9165,12
9168,15
9174,12
9175,2
9178,10
9183,7
9185,1
9191,8
9195,11
9199,3
9202,15
9204,2
9206,11
9214,14
9220,3
9226,14
9235,4
9240,14
9241,1
9244,13
9245,3
9247,1
9252,4
9253,13
9267,13
9281,3
9284,14
9288,13
9290,15
9293,1
9296,3
9297,5
9315,9
9320,2
9322,5
9324,15
9325,5
9326,11
9328,8
9329,12
9332,5
9337,8
9341,13
9350,3
9352,6
9359,6
9368,14
9369,4
9378,9
9380,6
9385,3
9387,14
9388,5
9398,5
9399,4
9403,11
9409,4
9414,11
9415,13
9429,2
9431,2
9437,3
9438,8
9440,8
9447,13
9448,5
9452,13
9464,15
9472,6
9473,7
9481,11
9485,3
9486,9
9492,3
9494,2
9501,2
9503,15
9508,15
9509,7
9511,15
9512,14
9516,7
9517,9
9526,6
9527,15
9529,8
9538,5
9540,5
9542,6
9543,4
9546,7
9549,11
9559,5
9560,11
9561,5
9562,15
9563,1
9566,7
9569,9
9570,9
9577,5
9581,15
9585,10
9588,1
9589,12
9595,6
9597,9
9599,9
9600,6
9602,12
9608,9
9610,9
9612,8
9618,11
9623,2
9624,7
9629,7
9641,15
9642,4
9648,9
9655,15
9661,4
9667,6
9672,2
9680,13
9692,9
9695,15
9697,15
9698,7
9703,5
9704,2
9716,8
9719,8
9726,14
9730,6
9732,2
9739,12
9742,11
9743,15
9745,5
9747,3
9767,7
9771,3
9774,1
9777,4
9779,3
9780,15
9789,14
9792,12
9793,12
9796,2
9797,4
9798,10
9812,15
9813,11
9814,7
9815,1
9817,15
9820,4
9835,6
9836,4
9839,6
9840,7
9843,9
9845,6
9850,8
9859,3
9864,5
9866,12
9868,2
9870,12
9872,11
9877,10
9882,1
9885,12
9891,2
9892,14
9895,5
9901,9
9904,12
9918,5
9920,6
9922,3
9928,10
9929,11
9935,4
9936,4
9938,10
9941,15
9949,2
9952,12
9958,7
9968,10
9972,4
9974,14
9980,2
9992,15
9993,8
9994,8
10000,8
10002,1
10006,1
10008,7
10010,7
10013,15
10016,12
10020,15
10022,2
10023,4
10024,8
10026,3
10030,9
10031,5
10034,5
10041,8
10043,11
10049,6
10061,15
10068,7
10077,2
10078,15
10082,9
10085,1
10087,1
10093,15
10097,11
10098,14
10099,2
10100,13
10103,1
10105,15
10115,2
10118,13
10122,5
10127,15
10134,5
10136,2
10138,13
10139,1
10140,5
10146,7
10147,13
10148,1
10149,1
10158,13
10159,12
10161,15
10162,15
10164,2
10167,2
10169,8
10176,2
10177,10
10178,3
10181,13
10183,5
10186,4
10189,5
10203,5
10204,9
10205,11
10209,14
10211,11
10212,6
10213,5
10217,2
10224,8
10227,13
10228,13
10229,10
10232,4
10241,12
10245,8
10247,6
10250,9
10259,2
10262,9
10263,14
10264,7
10267,10
10268,7
10274,14
10277,3
10280,5
10284,10
10286,10
10288,11
10295,12
10297,13
10300,2
10301,6
10304,8
10309,12
10310,4
10312,13
10314,12
10315,2
10316,1
10320,7
10325,2
10328,4
10330,9
10331,9
10332,4
10339,5
10343,9
10347,9
10352,7
10363,5
10364,9
10367,14
10372,4
10374,7
10378,4
10379,15
10383,4
10384,2
10395,2
10397,12
10402,4
10405,13
10407,10
10408,12
10414,11
10415,9
10417,6
10419,10
10421,1
10422,1
10423,6
10424,7
10434,4
10437,9
10444,14
10451,13
10455,11
10457,12
10458,2
10461,2
10464,8
10473,11
10478,5
10479,6
10480,11
10481,6
10491,8
10494,9
10501,13
10504,2
10505,6
10506,15
10507,1
10510,2
10514,1
10515,2
10516,8
10519,1
10522,14
10523,14
10529,12
10539,4
10542,5
10543,13
10544,10
10549,5
10553,11
10555,3
10560,6
10563,7
10565,9
10568,6
10571,11
10573,3
10578,7
10579,14
10580,7
10581,1
10587,5
10589,11
10590,2
10593,12
10599,12
10600,8
10601,5
10603,3
10609,15
10612,12
10613,2
10615,12
10616,9
10620,1
10621,8
10623,1
10625,13
10626,15
10627,13
10629,11
10631,7
10634,4
10635,6
10637,12
10640,1
10641,10
10648,9
10654,9
10656,14
10660,13
10665,9
10667,5
10671,12
10672,8
10674,6
10676,13
10680,5
10686,5
10687,12
10690,15
10694,10
10695,6
10696,7
10703,3
10706,15
10712,6
10713,13
10719,6
10724,1
10726,10
10728,13
10736,12
10741,8
10743,9
10745,14
10748,14
10754,10
10757,5
10758,1
10760,14
10765,1
10766,6
10769,8
10772,4
10776,8
10781,7
10782,8
10788,14
10789,6
10795,15
10798,14
10800,10
10804,9
10805,5
10807,4
10808,1
10811,15
10813,7
10814,9
10821,15
10828,6
10831,4
10834,7
10848,14
10851,15
10853,1
10863,5
10868,3
10869,2
10875,12
10883,2
10884,10
10892,9
10893,6
10894,7
10897,10
10898,12
10903,2
10904,12
10915,8
10920,3
10929,10
10938,1
10939,10
10942,9
10957,9
10960,3
10961,12
10986,15
10987,13
10989,2
10990,11
10991,13
10992,4
10995,14
10999,15
11000,3
11002,13
11003,8
11011,4
11014,1
11018,4
11020,10
11027,1
11037,7
11038,15
11047,4
11054,14
11055,5
11060,4
11066,15
11067,15
11068,12
11075,2
11079,13
11081,11
11082,1
11085,1
11086,12
11089,12
11093,3
11099,13
11109,11
11113,13
11114,13
11120,5
11126,13
11129,11
11130,8
11134,12
11135,6
11137,3
11141,12
11142,6
11143,5
11146,6
11147,6
11152,2
11165,10
11168,8
11171,12
11173,10
11176,1
11181,5
11182,9
11187,1
11188,10
11190,6
11196,14
11199,2
11205,8
11207,14
11212,14
11218,5
11219,11
11222,9
11224,1
11227,4
11230,3
11232,14
11235,1
11240,8
11244,11
11251,6
11253,15
11261,12
11265,5
11266,9
11269,6
11270,6
11272,12
11281,6
11283,3
11284,2
11287,7
11288,8
11289,2
11307,4
11308,5
11311,4
11322,10
11324,9
11327,1
11328,14
11334,9
11342,10
11347,9
11350,2
11353,4
11360,7
11367,5
11368,9
11369,9
11370,1
11372,4
11373,4
11376,7
11382,14
11384,7
11389,10
11392,6
11393,9
11396,15
11397,15
11407,3
11414,11
11416,13
11419,10
11422,5
11423,10
11435,4
11446,6
11454,5
11464,10
11471,9
11479,12
11481,2
11482,6
11486,15
11503,2
11508,8
11515,7
11516,5
11522,11
11524,15
11537,13
11538,9
11543,9
11547,4
11548,12
11553,12
11558,6
11560,1
11565,6
11567,1
11578,11
11586,7
11587,6
11588,8
11589,8
11593,15
11599,1
11601,11
11606,8
11608,1
11609,1
11612,12
11620,15
11625,3
11626,5
11627,15
11632,13
11633,2
11648,15
11650,2
11651,1
11654,1
11660,6
11663,5
11670,11
11679,5
11683,10
11705,4
11706,8
11708,14
11710,8
11713,14
11714,6
11716,4
11717,6
11726,9
11731,1
11733,5
11736,5
11750,5
11759,13
11769,5
11771,2
11772,11
11774,10
11778,12
11783,4
11787,5
11788,6
11793,2
11795,11
11796,9
11800,15
11802,8
11813,11
11816,10
11820,15
11821,13
11824,6
11829,10
11830,4
11835,8
11840,3
11846,1
11850,8
11852,14
11853,4
11854,9
11858,4
11861,13
11871,4
11876,10
11884,10
11890,11
11891,3
11899,10
11903,4
11912,1
11914,11
11916,4
11918,8
11919,8
11922,2
11927,4
11928,1
11929,13
11930,5
11935,9
11939,6
11940,4
11942,2
11946,4
11948,8
11949,13
11952,8
11954,1
11961,6
11974,5
11975,1
11978,11
11984,3
11986,12
11987,13
11992,4
12001,10
12003,7
12004,12
12007,6
12010,3
12014,4
12019,15
12022,14
12023,14
12024,6
12029,2
12031,13
12035,15
12039,12
12043,10
12048,3
12049,10
12051,6
12052,8
12064,13
12067,8
12074,13
12076,10
12077,9
12084,5
12092,12
12093,5
12098,7
12104,10
12106,5
12108,4
12110,8
12113,7
12118,3
12133,8
12136,4
12137,5
12143,7
12144,7
12148,13
12149,2
12152,11
12154,3
12158,9
12159,6
12167,13
12171,8
12183,4
12195,10
12198,3
12199,11
12201,8
12206,5
12216,2
12217,14
12225,1
12226,6
12234,1
12240,6
12245,11
12246,13
12247,1
12254,11
12256,9
12257,11
12270,14
12271,6
12280,4
12282,8
12283,5
12288,1
12290,4
12293,13
12294,7
12298,5
12311,4
12313,7
12316,10
12318,2
12321,6
12322,7
12324,3
12331,4
12335,3
12338,7
12340,12
12344,13
12350,1
12355,9
12356,12
12358,8
12360,8
12365,9
12367,6
12369,13
12370,7
12371,15
12380,6
12383,6
12398,1
12404,9
12413,4
12417,2
12419,14
12427,8
12429,11
12434,3
12447,8
12449,8
12454,9
12461,9
12471,1
12475,3
12477,3
12479,9
12481,13
12482,7
12484,8
12485,7
12488,5
12489,7
12491,9
12492,1
12503,8
12509,8
12510,15
12530,2
12539,1
12542,4
12545,12
12547,14
12550,14
12551,3
12556,10
12562,7
12568,14
12576,6
12580,10
12588,3
12593,6
12600,15
12601,9
12603,1
12605,2
12607,4
12614,15
12615,6
12617,12
12627,10
12634,7
12643,15
12651,12
12657,3
12659,14
12665,10
12668,4
12672,15
12677,3
12679,13
12681,15
12683,3
12686,12
12689,4
12698,9
12699,14
12702,5
12704,1
12713,11
12715,5
12725,14
12727,3
12729,10
12738,4
12741,11
12742,11
12744,10
12749,7
12757,8
12763,4
12764,11
12766,14
12769,9
12771,6
12773,10
12774,11
12782,4
12784,14
12788,3
12790,9
12793,7
12798,11
12801,10
12803,6
12821,7
12822,6
12825,5
12828,15
12831,11
12836,1
12848,15
12852,3
12853,9
12862,7
12863,11
12865,3
12869,7
12871,4
12875,11
12881,14
12890,3
12891,2
12893,1
12903,7
12906,4
12914,12
12920,11
12921,13
12922,2
12923,12
12925,4
12935,6
12939,8
12951,10
12952,6
12955,3
12964,5
12965,8
12973,11
12976,6
12980,14
12985,11
12987,7
12998,1
13001,1
13003,10
13004,3
13010,2
13012,14
13013,10
13024,9
13030,15
13035,8
13038,15
13039,13
13040,7
13045,12
13055,1
13059,8
13063,1
13064,11
13065,4
13066,1
13075,3
13076,1
13079,10
13081,8
13085,6
13097,15
13099,4
13100,2
13102,1
13105,7
13107,12
13120,2
13126,13
13128,6
13130,9
13142,1
13144,5
13146,15
13147,6
13149,1
13154,6
13157,6
13166,14
13167,2
13168,1
13170,6
13181,15
13183,9
13184,11
13185,4
13191,11
13204,1
13206,10
13213,14
13214,15
13215,4
13220,14
13221,1
13239,13
13244,1
13247,11
13250,10
13251,5
13254,12
13261,11
13265,7
13269,14
13272,3
13273,8
13279,11
13283,12
13300,9
13303,2
13304,7
13307,6
13308,10
13312,1
13314,3
13317,3
13328,12
13330,8
13331,3
13332,7
13333,2
13336,8
13356,6
13357,3
13358,5
13359,11
13361,13
13367,13
13368,9
13378,12
13384,3
13385,6
13387,5
13390,10
13391,13
13405,15
13407,9
13408,14
13409,12
13412,12
13415,5
13418,8
13422,7
13424,7
13427,5
13429,1
13431,5
13432,15
13437,10
13444,10
13453,15
13458,5
13463,6
13464,12
13465,8
13478,8
13483,5
13493,8
13496,10
13500,14
13503,5
13506,15
13507,9
13508,11
13510,14
13511,9
13515,1
13524,1
13527,13
13530,1
13531,14
13534,10
13535,11
13536,4
13539,14
13542,13
13543,10
13551,14
13554,12
13557,3
13561,2
13563,6
13564,8
13566,8
13567,10
13571,9
13581,13
13584,11
13588,6
13590,14
13594,6
13596,7
13601,13
13605,14
13607,8
13614,1
13624,4
13627,9
13631,1
13634,6
13641,14
13644,11
13648,2
13649,12
13650,8
13651,12
13656,12
13658,9
13663,9
13664,13
13667,13
13673,13
13681,10
13688,1
13689,1
13694,6
13705,10
13710,1
13714,11
13715,13
13716,9
13719,10
13725,7
13730,13
13737,5
13747,15
13749,11
13754,14
13757,3
13759,7
13761,1
13763,15
13764,1
13768,3
13769,4
13770,13
13772,13
13775,11
13782,9
13783,2
13785,12
13787,8
13791,10
13794,13
13806,8
13810,8
13812,5
13813,5
13820,4
13821,10
13827,11
13832,3
13837,15
13839,1
13841,8
13849,9
13851,5
13852,14
13853,4
13856,1
13865,7
13874,7
13880,10
13883,2
13890,5
13891,7
13893,11
13894,1
13900,14
13901,3
13908,14
13920,6
13930,3
13932,14
13935,4
13937,12
13938,11
13942,1
13943,10
13947,6
13950,8
13961,9
13962,11
13965,6
13966,5
13969,12
13973,10
13975,6
13976,12
13982,4
13993,1
13996,11
13997,14
13998,4
13999,1
14001,13
14002,1
14004,6
14008,11
14021,1
14023,1
14030,12
14032,1
14034,10
14044,5
14049,8
14053,10
14061,14
14062,9
14065,4
14068,4
14069,1
14070,3
14075,9
14077,3
14081,9
14082,10
14085,6
14089,6
14091,3
14103,9
14105,11
14110,1
14112,13
14114,3
14117,3
14118,7
14121,12
14123,11
14124,10
14125,6
14128,12
14132,7
14138,1
14139,10
14141,15
14142,11
14145,10
14150,9
14159,9
14160,11
14171,15
14175,3
14178,10
14180,13
14182,15
14183,14
14202,2
14203,14
14206,12
14209,15
14211,9
14214,9
14219,7
14222,3
14227,8
14230,2
14231,10
14233,15
14239,8
14240,5
14241,4
14245,2
14252,14
14254,2
14255,2
14258,9
14263,14
14269,3
14273,1
14275,2
14276,1
14277,7
14279,7
14282,11
14283,14
14291,6
14298,4
14301,5
14310,6
14313,9
14315,10
14317,2
14318,9
14320,10
14329,13
14331,9
14333,11
14340,4
14342,5
14343,3
14346,5
14347,14
14352,5
14355,4
14358,11
14366,14
14367,14
14375,10
14376,12
14380,1
14385,2
14391,5
14395,10
14397,3
14399,10
14402,15
14411,6
14412,9
14413,13
14420,5
14421,11
14422,9
14429,10
14431,12
14432,10
14433,6
14434,12
14438,4
14440,5
14446,6
14454,11
14456,12
14467,13
14470,15
14474,5
14484,2
14488,2
14496,12
14499,3
14500,7
14502,13
14503,13
14506,13
14507,3
14512,11
14513,1
14517,9
14527,3
14529,9
14531,3
14535,8
14539,1
14544,11
14551,14
14563,12
14569,4
14570,9
14574,8
14579,12
14581,10
14584,9
14585,10
14588,12
14596,9
14598,10
14612,5
14613,13
14614,12
14619,1
14623,15
14626,1
14628,2
14631,8
14636,6
14639,11
14644,5
14647,3
14648,7
14652,14
14653,7
14654,1
14662,11
14664,12
14667,2
14674,4
14680,10
14683,10
14686,1
14687,10
14693,3
14695,13
14698,12
14701,15
14702,9
14704,14
14705,13
14706,5
14711,4
14722,4
14724,1
14731,10
14733,4
14741,11
14751,9
14761,5
14764,13
14778,9
14782,10
14784,3
14792,11
14796,12
14797,2
14805,2
14807,15
14809,9
14812,12
14813,4
14815,8
14817,12
14824,4
14826,10
14827,1
14836,6
14844,13
14859,15
14862,8
14867,3
14868,2
14870,13
14873,4
14875,9
14879,12
14884,9
14886,4
14890,14
14894,14
14898,6
14908,6
14911,7
14912,14
14915,15
14918,7
14921,9
14922,2
14942,2
14945,6
14947,9
14949,2
14950,15
14956,14
14958,15
14959,3
14961,11
14963,4
14974,3
14978,8
14979,6
14990,15
14992,8
14993,10
14995,10
14997,1
15004,2
15007,3
15008,3
15010,10
15022,8
15036,5
15044,11
15045,8
15050,5
15051,10
15062,15
15065,11
15071,13
15073,5
15082,1
15085,3
15086,10
15088,14
15095,14
15101,9
15107,9
15119,12
15122,9
15123,1
15130,14
15132,1
15134,14
15135,7
15138,15
15139,1
15141,3
15144,8
15147,9
15150,11
15157,2
15163,2
15173,9
15180,15
15185,8
15187,3
15188,2
15189,9
15198,1
15201,4
15202,3
15203,14
15205,11
15206,10
15210,11
15218,9
15221,6
15222,11
15225,14
15228,12
15229,13
15235,1
15240,2
15244,4
15245,1
15247,13
15248,14
15254,7
15269,3
15275,8
15279,6
15280,15
15281,10
15285,2
15297,8
15300,9
15302,15
15311,6
15313,11
15315,11
15316,9
15328,12
15334,4
15339,10
15341,1
15342,14
15343,3
15347,13
15353,2
15354,4
15357,8
15371,3
15372,6
15377,13
15384,6
15385,13
15386,5
15396,11
15409,15
15416,12
15418,1
15423,10
15425,15
15431,14
15437,9
15438,13
15440,12
15443,5
15452,4
15454,6
15458,12
15461,12
15464,3
15465,15
15466,6
15471,6
15478,7
15480,7
15482,2
15483,4
15484,2
15486,4
15490,7
15494,14
15497,8
15506,9
15507,9
15508,9
15510,1
15513,11
15515,8
15517,4
15520,13
15522,11
15527,13
15531,2
15533,5
15538,14
15540,7
15545,8
15547,8
15549,15
15551,12
15553,9
15554,14
15556,14
15559,1
15564,12
15568,11
15581,2
15582,10
15583,12
15586,14
15589,6
15597,14
15606,2
15617,1
15619,3
15622,1
15626,4
15627,5
15630,14
15635,12
15643,4
15644,1
15647,1
15652,5
15653,2
15656,14
15659,2
15662,13
15663,9
15667,15
15669,12
15670,6
15675,8
15677,6
15683,5
15693,13
15702,11
15705,12
15713,4
15717,5
15722,13
15724,12
15726,7
15729,12
15744,9
15745,9
15749,10
15751,4
15752,7
15759,12
15770,10
15776,13
15779,9
15780,10
15783,1
15787,14
15791,14
15793,4
15800,5
15802,11
15803,14
15806,5
15815,2
15817,12
15818,1
15819,7
15822,2
15824,9
15825,8
15828,7
15832,11
15835,4
15842,13
15843,8
15844,3
15845,7
15847,10
15855,5
15860,10
15863,8
15866,2
15868,14
15871,1
15876,7
15880,7
15881,1
15885,14
15887,10
15890,4
15891,5
15892,2
15896,10
15898,3
15904,6
15906,6
15907,15
15910,13
15916,2
15917,12
15918,12
15919,5
15920,13
15935,12
15936,11
15939,7
15940,4
15948,9
15952,2
15953,4
15954,14
15955,5
15961,3
15962,12
15969,2
15975,11
15976,3
15978,15
15981,10
15994,1
15999,2
16000,11
16005,13
16007,3
16009,6
16024,1
16025,4
16026,8
16027,6
16034,13
16038,7
16042,14
16043,8
16048,2
16051,8
16058,15
16067,11
16073,7
16075,6
16076,3
16085,13
16088,6
16089,2
16098,1
16099,12
16104,1
16109,5
16119,5
16122,6
16127,11
16128,7
16129,8
16130,4
16135,5
16149,4
16152,3
16153,9
16156,12
16158,9
16159,9
16165,11
16171,12
16174,4
16175,15
16178,10
16185,9
16187,5
16188,4
16193,13
16199,10
16210,3
16217,13
16224,1
16226,4
16228,5
16229,13
16232,11
16235,8
16236,10
16242,14
16243,5
16249,13
16250,14
16253,4
16259,4
16263,15
16264,9
16267,2
16289,3
16290,5
16303,2
16310,2
16311,7
16313,14
16320,10
16322,3
16323,11
16328,4
16330,15
16332,14
16333,1
16335,1
16336,15
16338,1
16341,5
16342,10
16346,10
16352,13
16354,5
16355,12
16360,6
16361,14
16370,4
16374,5
16376,2
16377,2
16380,14
16385,5
16386,5
16387,15
16407,7
16411,5
16412,15
16413,2
16414,9
16423,12
16427,10
16429,10
16430,12
16436,9
16441,3
16454,15
16456,7
16471,6
16473,13
16476,12
16481,14
16485,1
16488,4
16494,14
16510,14
16515,6
16521,15
16522,6
16533,12
16537,2
16540,10
16546,3
16547,4
16552,1
16556,8
16558,3
16561,13
16563,13
16564,8
16565,9
16578,1
16582,5
16586,7
16595,6
16599,13
16600,5
16605,9
16606,8
16612,13
16614,1
16617,8
16633,9
16635,4
16636,15
16642,1
16648,3
16652,5
16654,7
16657,13
16662,14
16665,1
16668,6
16672,11
16673,1
16680,7
16685,2
16688,10
16697,13
16699,4
16702,2
16711,13
16712,6
16716,13
16718,13
16719,7
16730,9
16736,6
16743,7
16752,10
16759,6
16761,13
16773,9
16776,14
16779,14
16781,12
16783,6
16787,5
16795,4
16803,15
16805,7
16806,11
16818,12
16820,4
16827,5
16832,1
16833,13
16838,5
16844,14
16852,3
16853,10
16861,14
16872,5
16879,14
16880,6
16884,10
16885,10
16891,1
16893,7
16894,14
16902,10
16904,2
16905,7
16910,6
16912,4
16916,5
16919,7
16920,7
16933,10
16934,9
16935,7
16939,4
16945,9
16948,10
16951,3
16955,1
16957,4
16959,6
16965,15
16969,2
16976,11
16979,8
16987,5
16988,4
16996,7
16997,11
17005,4
17007,5
17009,8
17010,10
17011,13
17012,13
17017,9
17028,6
17033,7
17034,8
17036,4
17039,5
17040,6
17041,14
17050,2
17057,15
17062,4
17070,3
17071,15
17073,15
17076,6
17085,11
17086,9
17088,10
17096,11
17097,4
17104,5
17105,4
17107,6
17108,7
17112,15
17113,4
17116,12
17117,9
17119,2
17121,15
17127,7
17128,7
17133,11
17139,10
17142,5
17143,2
17144,2
17145,10
17152,15
17163,13
17165,4
17166,13
17168,6
17170,9
17172,1
17175,12
17178,11
17181,2
17187,12
17188,8
17195,1
17197,10
17204,2
17206,14
17217,5
17218,5
17225,6
17228,14
17233,5
17234,4
17239,4
17246,2
17247,12
17252,14
17255,4
17256,15
17260,12
17269,1
17274,15
17276,6
17277,7
17281,4
17283,10
17294,12
17296,8
17302,4
17305,3
17306,2
17307,4
17308,3
17310,7
17311,2
17316,14
17321,10
17322,7
17324,5
17326,15
17332,13
17333,2
17338,12
17339,8
17340,10
17341,7
17354,6
17359,8
17360,9
17367,1
17370,1
17372,11
17376,6
17383,3
17390,4
17393,8
17394,11
17395,15
17396,5
17402,3
17404,3
17405,7
17406,9
17409,13
17411,5
17421,2
17430,1
17431,2
17433,8
17437,15
17439,12
17444,3
17454,7
17456,6
17458,12
17462,2
17463,15
17465,9
17466,7
17469,11
17474,10
17475,1
17482,1
17494,1
17497,14
17500,4
17506,15
17508,11
17511,3
17512,8
17513,2
17514,15
17517,5
17518,14
17522,4
17523,4
17524,2
17531,8
17532,6
17536,13
17538,15
17540,15
17544,14
17550,6
17556,10
17560,4
17564,1
17566,4
17567,14
17568,11
17588,1
17590,14
17591,2
17592,2
17594,11
17600,5
17605,1
17617,14
17621,12
17624,6
17630,14
17631,7
17632,13
17644,11
17646,1
17649,3
17659,14
17660,10
17663,14
17666,5
17675,2
17688,4
17691,3
17692,9
17695,12
17701,11
17704,2
17708,12
17709,8
17712,15
17713,3
17714,4
17715,8
17717,15
17728,15
17734,13
17738,12
17750,9
17756,9
17759,10
17761,6
17769,8
17772,15
17777,12
17778,8
17780,6
17782,7
17784,13
17790,3
17791,14
17792,11
17795,12
17796,6
17797,2
17802,13
17803,12
17804,7
17815,2
17825,1
17832,5
17836,9
17844,10
17848,7
17849,13
17850,7
17851,4
17852,5
17853,6
17859,2
17860,8
17864,2
17865,15
17871,15
17875,11
17876,10
17877,3
17880,3
17881,2
17887,14
17888,4
17895,10
17896,4
17898,2
17908,6
17910,3
17912,10
17913,5
17924,5
17934,1
17942,13
17943,14
17944,9
17946,13
17947,8
17955,4
17962,3
17965,2
17969,11
17971,15
17974,3
17981,5
17983,14
17984,10
17986,1
17991,15
17993,7
17996,2
18005,15
18006,6
18022,14
18027,8
18028,3
18030,3
18032,6
18033,3
18035,3
18036,8
18044,7
18045,1
18048,13
18050,4
18052,8
18053,14
18055,13
18056,4
18059,4
18063,9
18065,7
18066,4
18067,5
18078,14
18086,11
18088,8
18095,12
18099,11
18106,12
18108,8
18112,3
18119,13
18121,11
18132,1
18143,14
18149,1
18155,13
18173,7
18174,8
18181,5
18183,5
18185,15
18186,8
18187,7
18193,5
18204,4
18205,10
18207,9
18212,7
18219,15
18220,2
18230,2
18235,15
18240,5
18241,2
18245,14
18246,9
18248,5
18249,2
18251,14
18253,14
18262,11
18265,3
18267,7
18269,3
18272,6
18273,8
18279,2
18280,4
18286,7
18287,3
18290,6
18297,10
18300,15
18301,1
18303,9
18306,1
18307,2
18308,11
18317,10
18318,1
18319,6
18320,9
18329,11
18330,10
18334,14
18339,6
18341,12
18344,14
18348,15
18349,8
18359,7
18362,5
18363,5
18371,6
18374,8
18376,9
18380,10
18396,14
18399,4
18402,2
18404,15
18408,6
18416,13
18419,11
18420,7
18423,15
18427,2
18428,9
18436,9
18440,9
18444,8
18447,8
18448,15
18451,1
18452,8
18455,5
18458,7
18459,6
18467,1
18468,7
18482,6
18483,9
18491,12
18492,1
18494,5
18498,14
18500,15
18505,11
18508,12
18509,10
18511,11
18512,10
18518,11
18531,15
18533,1
18542,7
18544,12
18553,11
18565,15
18569,2
18575,9
18576,6
18577,4
18578,13
18581,15
18584,3
18589,11
18590,6
18594,9
18597,7
18598,1
18604,14
18605,4
18611,12
18612,7
18613,14
18615,11
18618,7
18619,1
18622,3
18624,8
18629,11
18636,5
18638,6
18642,7
18643,1
18645,5
18646,4
18649,3
18650,9
18651,12
18653,4
18654,4
18666,4
18667,2
18677,11
18691,15
18703,12
18707,5
18709,10
18712,14
18714,1
18720,5
18723,2
18724,9
18727,9
18729,3
18730,14
18742,5
18749,1
18750,2
18752,7
18760,9
18761,1
18765,5
18768,11
18774,2
18776,12
18780,2
18781,3
18786,15
18787,12
18789,1
18796,6
18802,10
18807,3
18809,10
18822,1
18826,11
18829,4
18830,13
18835,1
18840,1
18841,5
18843,8
18847,10
18853,7
18862,2
18865,1
18878,8
18881,11
18884,10
18885,10
18892,9
18894,1
18895,9
18900,2
18905,1
18907,3
18908,8
18909,13
18910,15
18912,15
18915,7
18918,5
18921,5
18922,2
18923,7
18931,3
18934,8
18939,10
18940,14
18948,4
18951,7
18952,3
18956,3
18958,15
18959,13
18965,11
18966,5
18969,3
18972,14
18974,3
18975,12
18976,13
18986,13
18989,14
18997,7
18999,10
19002,2
19006,15
19013,5
19019,9
19021,6
19027,15
19029,1
19031,12
19035,9
19039,7
19042,2
19045,11
19046,10
19049,8
19056,1
19058,5
19080,11
19090,8
19092,12
19102,7
19109,4
19110,14
19115,11
19123,8
19128,8
19130,13
19134,5
19136,3
19140,13
19141,8
19149,6
19150,14
19151,4
19153,11
19157,7
19164,5
19169,8
19174,12
19175,11
19177,2
19182,13
19183,2
19184,5
19185,8
19189,12
19191,13
19196,15
19197,8
19205,15
19206,11
19207,6
19209,13
19211,6
19213,1
19216,7
19217,7
19221,6
19226,1
19228,4
19229,6
19230,13
19235,6
19237,10
19240,14
19252,9
19254,6
19261,7
19266,14
19268,9
19277,8
19281,5
19282,12
19285,1
19292,2
19296,13
19298,7
19299,14
19308,13
19313,15
19317,10
19326,6
19331,9
19334,9
19335,3
19336,3
19338,12
19342,13
19351,13
19352,8
19357,5
19371,13
19375,14
19376,13
19379,1
19380,5
19394,8
19397,6
19398,15
19399,2
19401,15
19403,1
19405,9
19408,3
19410,6
19413,8
19418,8
19423,1
19430,6
19431,2
19437,7
19440,9
19442,8
19443,1
19446,15
19448,6
19450,9
19451,10
19453,9
19454,1
19455,13
19457,2
19459,10
19466,11
19473,11
19486,9
19488,6
19493,2
19496,11
19497,5
19498,7
19499,1
19504,11
19507,1
19511,13
19515,3
19517,4
19519,5
19524,2
19526,15
19529,4
19534,8
19540,3
19549,5
19556,15
19557,6
19561,5
19564,10
19567,12
19570,6
19574,4
19575,2
19578,8
19583,11
19589,5
19596,9
19597,12
19599,13
19600,13
19602,3
19603,6
19606,3
19610,14
19625,3
19631,13
19638,5
19642,13
19647,2
19648,10
19654,10
19655,15
19661,9
19662,14
19663,5
19681,6
19682,12
19690,15
19698,10
19701,7
19706,6
19710,2
19715,13
19718,8
19719,7
19720,1
19721,4
19728,3
19733,1
19734,15
19738,1
19743,12
19755,15
19761,14
19765,15
19769,1
19775,8
19780,5
19781,8
19783,9
19784,1
19789,1
19791,3
19795,8
19799,13
19804,14
19809,2
19810,9
19811,12
19812,3
19813,6
19815,6
19816,11
19817,10
19818,11
19824,11
19833,8
19840,2
19850,2
19851,13
19857,8
19861,4
19866,9
19869,14
19875,5
19878,4
19879,4
19880,12
19886,14
19891,15
19896,11
19902,5
19907,14
19920,12
19923,15
19927,2
19932,12
19939,6
19940,8
19942,1
19943,11
19948,9
19950,1
19952,6
19956,6
19966,15
19968,14
19977,1
19982,12
19986,13
19988,1
19993,12
19998,11
20000,1
20002,5
20013,6
20018,13
20020,7
20027,7
20028,10
20031,15
20036,8
20037,13
20043,4
20045,14
20046,9
20053,5
20054,5
20058,14
20063,1
20068,2
20070,6
20087,15
20089,3
20091,13
20093,1
20096,10
20098,12
20100,5
20101,9
20105,5
20106,13
20108,1
20119,9
20120,13
20127,10
20140,5
20142,15
20146,8
20148,2
20149,8
20159,6
20164,5
20166,6
20167,13
20176,1
20180,4
20182,3
20186,6
20205,10
20212,13
20220,1
20227,2
20230,10
20238,6
20245,3
20257,8
20262,6
20264,12
20269,6
20271,1
20277,6
20282,6
20283,15
20295,9
20306,3
20310,5
20322,7
20324,12
20326,11
20328,3
20329,11
20330,4
20331,6
20336,13
20342,12
20354,8
20356,13
20358,1
20371,1
20379,14
20381,12
20385,1
20389,12
20394,4
20403,12
20407,14
20409,2
20413,12
20425,12
20429,8
20430,3
20431,9
20437,6
20438,4
20441,14
20445,15
20446,6
20449,8
20450,6
20458,13
20472,3
20474,5
20476,11
20478,3
20486,8
20487,4
20489,7
20495,6
20496,7
20500,2
20501,12
20503,5
20504,9
20510,13
20515,6
20529,10
20535,10
20537,1
20538,15
20546,4
20554,2
20560,13
20563,15
20566,10
20577,13
20581,5
20582,9
20587,1
20596,11
20598,5
20602,6
20607,12
20609,7
20614,2
20616,3
20619,9
20620,3
20633,1
20637,10
20638,3
20642,15
20648,2
20653,13
20654,7
20660,4
20666,15
20667,15
20680,11
20681,12
20682,10
20684,13
20692,1
20693,7
20697,3
20704,3
20707,12
20710,2
20714,2
20716,7
20722,12
20723,13
20725,7
20726,9
20728,5
20731,15
20732,5
20733,7
20734,15
20736,15
20742,3
20746,4
20749,9
20752,8
20754,11
20756,9
20758,8
20762,4
20771,5
20776,12
20783,2
20786,14
20793,14
20794,14
20795,5
20806,12
20811,15
20814,10
20822,11
20824,8
20825,7
20830,12
20832,8
20834,5
20837,14
20838,4
20844,6
20845,1
20846,15
20847,7
20848,13
20853,13
20855,3
20869,3
20870,4
20872,10
20874,4
20879,4
20891,7
20892,7
20898,15
20905,8
20908,14
20909,8
20910,11
20911,11
20916,8
20918,5
20922,11
20924,7
20925,4
20926,11
20929,2
20931,1
20932,13
20933,9
20934,4
20936,4
20937,14
20938,14
20940,11
20943,15
20944,3
20948,7
20952,7
20955,10
20961,1
20963,5
20964,8
20967,13
20974,1
20975,12
20978,9
20979,14
20984,11
20989,11
20991,7
20993,8
20997,7
20999,12
21001,2
21003,7
21010,13
21016,12
21022,6
21023,10
21025,12
21028,4
21033,3
21036,14
21039,1
21043,6
21047,5
21053,11
21059,6
21060,11
21064,4
21065,13
21070,5
21071,3
21075,2
21077,10
21079,3
21082,8
21086,8
21087,12
21088,9
21089,4
21099,8
21104,12
21107,12
21110,12
21112,14
21113,12
21117,6
21122,2
21128,2
21130,6
21138,11
21139,10
21144,6
21145,5
21146,3
21148,5
21155,2
21157,9
21158,1
21160,3
21161,13
21163,2
21167,3
21168,9
21173,14
21178,13
21179,9
21183,15
21188,13
21190,5
21193,5
21194,3
21197,1
21200,9
21206,14
21209,11
21213,12
21214,2
21218,13
21220,2
21221,4
21227,15
21236,1
21243,9
21247,11
21250,10
21256,12
21257,1
21265,2
21274,5
21275,5
21279,8
21284,14
21296,5
21307,7
21308,7
21312,5
21316,10
21317,9
21318,3
21319,3
21320,15
21322,10
21328,13
21335,6
21338,1
21350,4
21353,13
21357,10
21366,6
21376,9
21392,10
21394,1
21396,4
21406,13
21408,9
21410,12
21413,1
21418,9
21419,9
21420,1
21432,14
21435,14
21439,13
21441,15
21450,11
21457,10
21460,5
21462,6
21464,13
21466,9
21467,10
21469,8
21471,11
21473,7
21478,3
21480,11
21481,6
21487,7
21488,6
21489,5
21492,11
21500,6
21505,1
21508,2
21510,10
21517,6
21522,4
21526,7
21527,6
21535,12
21542,4
21543,2
21546,6
21548,12
21553,4
21554,1
21561,5
21567,6
21573,15
21579,7
21581,14
21585,8
21596,11
21598,11
21600,2
21603,3
21604,6
21605,1
21607,7
21608,4
21610,9
21614,6
21621,12
21634,3
21635,2
21636,9
21638,13
21648,13
21651,1
21652,7
21656,10
21660,13
21662,5
21669,7
21674,10
21678,9
21679,6
21686,10
21687,5
21691,7
21698,5
21703,10
21711,14
21722,4
21723,7
21725,9
21727,3
21728,8
21729,11
21730,12
21734,2
21736,7
21737,12
21739,5
21741,13
21743,3
21744,7
21746,10
21751,6
21754,11
21755,2
21757,1
21758,9
21761,11
21765,5
21770,6
21771,8
21773,6
21779,5
21780,6
21791,8
21798,12
21799,14
21804,10
21805,14
21807,1
21809,15
21812,7
21815,3
21829,11
21832,12
21847,7
21854,9
21861,2
21875,15
21876,6
21891,12
21900,1
21911,2
21912,8
21915,2
21918,9
21922,12
21923,4
21925,14
21929,5
21930,9
21931,8
21935,7
21938,7
21944,6
21949,14
21950,9
21953,15
21957,12
21959,7
21964,6
21968,2
21972,11
21973,14
21975,2
21979,12
21980,6
21985,4
21997,4
22001,13
22003,9
22012,2
22019,2
22024,6
22032,7
22040,1
22044,11
22047,4
22051,15
22060,1
22062,11
22072,2
22078,4
22080,13
22082,9
22090,15
22094,12
22097,7
22099,9
22103,2
22106,9
22107,3
22114,3
22116,10
22117,12
22119,2
22122,14
22125,13
22127,10
22128,12
22130,3
22133,4
22137,15
22143,6
22144,2
22150,11
22158,12
22163,6
22165,2
22174,1
22185,7
22196,14
22203,9
22204,14
22205,15
22207,4
22212,8
22213,13
22215,12
22216,13
22217,13
22218,13
22219,1
22222,5
22227,1
22235,4
22243,2
22245,9
22249,14
22252,7
22253,3
22254,7
22259,12
22261,8
22271,3
22276,9
22280,9
22284,13
22292,3
22293,5
22294,5
22301,12
22302,15
22304,12
22308,15
22309,14
22313,7
22331,14
22332,9
22333,7
22341,13
22343,5
22346,1
22347,12
22360,14
22361,7
22367,1
22369,15
22373,3
22374,2
22376,14
22382,1
22392,7
22394,4
22397,10
22399,7
22406,3
22412,10
22415,5
22416,1
22420,4
22423,13
22424,10
22434,10
22435,6
22438,10
22439,2
22445,1
22446,11
22451,11
22452,14
22453,4
22455,7
22459,5
22462,6
22463,3
22472,15
22481,15
22484,1
22488,7
22489,4
22496,9
22497,3
22512,15
22518,15
22520,3
22523,9
22524,9
22525,4
22528,8
22531,2
22532,7
22556,5
22574,4
22577,8
22587,1
22588,12
22593,2
22604,8
22612,5
22616,5
22620,4
22622,5
22623,6
22629,14
22631,9
22634,2
22642,15
22644,12
22645,11
22647,5
22648,13
22657,4
22660,15
22666,14
22673,12
22678,15
22681,10
22685,12
22693,5
22694,13
22695,9
22698,1
22700,12
22701,10
22708,1
22710,9
22723,5
22725,7
22727,4
22734,5
22737,3
22739,14
22748,2
22753,12
22761,2
22762,3
22765,8
22766,1
22769,13
22771,3
22777,7
22781,7
22783,11
22789,13
22791,6
22795,7
22797,1
22799,12
22800,1
22801,9
22812,8
22813,7
22820,3
22821,12
22823,6
22829,10
22831,11
22833,7
22837,11
22850,3
22860,1
22865,10
22868,2
22876,4
22878,1
22886,7
22891,7
22892,12
22894,5
22907,14
22908,3
22910,2
22915,2
22920,13
22921,12
22923,6
22927,3
22928,9
22933,11
22938,3
22940,14
22945,2
22948,13
22958,13
22959,7
22965,11
22968,5
22969,14
22971,14
22973,7
22976,15
22977,12
22978,3
22979,4
22987,5
22990,3
22996,10
23003,14
23008,1
23009,8
23011,4
23018,5
23030,15
23034,11
23035,14
23036,10
23037,1
23039,4
23041,8
23043,9
23044,7
23049,8
23061,1
23063,5
23068,13
23070,14
23076,15
23080,9
23081,5
23092,9
23093,6
23102,9
23103,15
23104,12
23119,5
23120,6
23121,12
23122,2
23126,4
23134,9
23136,3
23141,3
23147,7
23153,9
23163,12
23164,14
23165,3
23166,10
23168,13
23174,9
23175,4
23176,10
23181,2
23184,7
23193,9
23195,14
23202,6
23210,4
23216,3
23223,12
23228,13
23235,12
23236,14
23240,3
23248,8
23254,10
23256,1
23258,2
23264,6
23268,12
23277,6
23278,9
23279,14
23287,12
23290,9
23300,10
23302,11
23303,13
23304,12
23307,6
23311,1
23312,8
23322,12
23324,3
23327,3
23328,11
23330,3
23334,1
23335,13
23337,6
23340,9
23349,5
23357,9
23358,10
23364,11
23368,5
23370,14
23372,13
23376,2
23380,15
23383,1
23386,15
23387,6
23389,15
23391,1
23395,15
23397,8
23399,11
23400,13
23402,1
23404,2
23417,8
23421,3
23424,12
23429,15
23436,10
23438,6
23446,15
23451,4
23453,13
23459,7
23473,11
23476,12
23482,4
23486,10
23487,2
23488,6
23489,2
23494,7
23495,14
23497,4
23498,14
23499,13
23502,3
23509,11
23511,11
23512,10
23515,2
23516,11
23527,7
23532,4
23536,7
23538,3
23544,4
23546,12
23550,11
23553,1
23554,12
23555,12
23557,15
23559,4
23562,5
23563,8
23565,5
23572,10
23574,12
23576,10
23579,15
23599,1
23601,3
23605,3
23606,7
23609,7
23617,9
23623,11
23624,6
23625,4
23628,1
23634,13
23643,10
23645,1
23652,13
23653,9
23656,13
23658,2
23660,1
23662,2
23666,14
23668,4
23672,2
23675,3
23680,11
23686,2
23687,9
23694,6
23698,2
23700,14
23701,13
23702,4
23704,2
23712,6
23713,5
23719,2
23721,6
23725,3
23731,4
23732,9
23733,15
23741,15
23747,10
23749,13
23752,10
23754,4
23759,12
23760,3
23762,9
23776,1
23777,12
23782,5
23784,5
23787,7
23790,12
23791,3
23797,13
23799,7
23805,14
23807,4
23813,6
23820,4
23825,3
23826,3
23829,7
23834,13
23842,9
23848,9
23859,11
23861,4
23862,11
23869,15
23870,6
23877,2
23880,4
23892,14
23896,11
23900,15
23904,12
23910,7
23915,3
23920,12
23922,4
23924,13
23928,11
23929,14
23930,8
23932,1
23939,5
23944,8
23946,12
23950,9
23953,3
23955,9
23961,9
23963,12
23965,12
23975,7
23979,15
23982,11
23988,11
23996,8
23997,8
23999,4
24004,2
24006,11
24007,5
24009,6
24010,13
24021,12
24022,3
24025,2
24027,8
24029,5
24032,4
24034,5
24039,15
24044,10
24060,3
24062,9
24069,3
24072,4
24074,6
24076,9
24090,2
24091,15
24093,4
24100,6
24112,12
24119,5
24123,15
24126,1
24130,11
24131,4
24132,6
24134,14
24135,4
24137,9
24138,12
24139,6
24141,8
24143,9
24144,6
24145,5
24148,3
24150,9
24158,9
24162,9
24165,8
24166,1
24173,12
24178,15
24180,7
24183,4
24193,7
24198,2
24201,5
24202,3
24206,15
24208,8
24209,9
24214,8
24215,12
24220,7
24221,14
24222,5
24226,6
24230,1
24238,13
24241,6
24244,2
24248,10
24249,2
24250,3
24252,4
24254,1
24259,12
24260,12
24266,3
24274,3
24275,9
24279,14
24292,11
24294,2
24297,2
24298,5
24301,11
24303,5
24305,15
24306,9
24311,3
24323,7
24325,5
24328,14
24333,5
24337,3
24339,4
24340,13
24341,13
24342,12
24343,5
24346,8
24347,14
24348,13
24350,9
24359,8
24361,12
24363,15
24365,13
24368,15
24370,4
24371,14
24376,6
24377,7
24389,9
24396,9
24399,1
24401,14
24413,9
24416,5
24423,7
24425,11
24428,14
24435,1
24437,2
24450,9
24451,13
24456,5
24461,4
24466,6
24467,8
24473,2
24477,2
24481,4
24482,1
24485,8
24489,7
24490,7
24493,12
24498,7
24499,9
24502,7
24505,10
24506,3
24507,3
24509,7
24513,12
24515,3
24519,13
24520,8
24522,9
24526,4
24528,13
24538,13
24549,11
24550,11
24552,13
24553,10
24562,15
24568,4
24569,12
24572,9
24582,7
24584,10
24585,15
24593,10
24596,10
24598,3
24599,2
24606,8
24607,10
24609,1
24612,1
24627,12
24630,12
24632,14
24635,4
24647,9
24648,7
24650,13
24651,6
24652,15
24653,11
24654,8
24655,12
24660,1
24669,11
24674,10
24679,1
24681,4
24691,9
24700,13
24705,1
24708,10
24714,9
24718,14
24719,3
24722,6
24723,1
24724,10
24729,6
24732,5
24733,4
24734,14
24735,9
24742,15
24746,9
24747,13
24748,2
24752,4
24753,4
24756,3
24757,6
24763,7
24775,6
24780,14
24783,12
24788,4
24789,10
24791,7
24793,12
24797,5
24798,4
24799,1
24800,1
24807,13
24812,13
24813,5
24816,8
24817,15
24819,12
24820,10
24829,14
24838,14
24842,6
24851,9
24852,4
24854,6
24855,13
24863,2
24865,1
24866,9
24867,9
24870,5
24875,7
24880,3
24895,4
24896,6
24899,13
24900,5
24903,15
24907,6
24908,6
24917,6
24922,6
24927,13
24933,12
24935,2
24938,2
24941,5
24950,11
24954,2
24957,6
24959,5
24960,9
24961,14
24963,13
24964,2
24967,1
24971,14
24978,7
24984,5
24986,5
24990,1
24998,4
25001,14
25005,2
25006,2
25010,15
25011,6
25013,15
25018,10
25023,8
25024,13
25025,11
25038,4
25041,9
25042,3
25047,11
25050,15
25060,2
25062,8
25064,10
25065,9
25066,15
25068,12
25070,14
25072,15
25078,15
25080,1
25083,10
25095,10
25099,9
25104,6
25106,9
25110,8
25111,7
25112,4
25119,6
25121,15
25122,10
25125,14
25126,6
25127,6
25130,10
25141,12
25144,12
25153,4
25158,7
25161,5
25166,10
25173,1
25175,12
25177,11
25178,6
25182,12
25185,5
25186,6
25189,9
25191,8
25192,9
25193,1
25195,15
25196,13
25199,8
25200,15
25205,1
25213,1
25216,6
25220,8
25221,4
25226,6
25227,11
25228,2
25234,5
25235,4
25236,3
25239,3
25246,7
25249,12
25252,8
25255,10
25256,8
25264,6
25265,10
25266,3
25268,11
25270,14
25286,15
25290,12
25294,5
25295,13
25304,15
25307,9
25309,6
25316,11
25317,8
25322,10
25327,7
25328,9
25330,12
25331,8
25345,8
25346,1
25347,12
25353,10
25355,10
25370,11
25375,7
25377,3
25387,9
25392,13
25400,6
25409,6
25413,4
25416,9
25418,5
25420,11
25421,5
25422,2
25427,1
25430,10
25436,13
25440,12
25441,1
25450,14
25458,5
25465,15
25468,13
25469,3
25471,12
25473,15
25478,9
25479,1
25481,7
25482,4
25485,14
25489,3
25490,2
25492,4
25495,12
25497,8
25498,10
25512,4
25515,12
25526,11
25527,5
25530,8
25534,11
25541,14
25544,8
25545,1
25554,12
25556,14
25566,15
25568,11
25569,14
25573,5
25580,5
25581,5
25582,4
25591,14
25601,12
25602,5
25608,1
25609,9
25614,15
25616,11
25617,4
25626,14
25629,12
25631,5
25636,8
25640,15
25647,10
25650,14
25660,14
25661,2
25665,3
25667,8
25681,14
25688,11
25689,3
25690,12
25697,4
25701,2
25702,8
25709,3
25710,2
25717,13
25718,2
25719,13
25720,15
25726,14
25735,15
25736,5
25738,8
25748,8
25752,2
25754,14
25758,11
25760,2
25763,5
25766,10
25769,15
25770,1
25771,15
25776,6
25778,14
25785,5
25786,1
25792,11
25793,11
25795,2
25800,9
25801,2
25808,10
25820,6
25828,13
25829,12
25831,13
25834,13
25835,11
25840,8
25848,4
25849,7
25856,14
25865,13
25868,2
25869,2
25871,7
25879,8
25881,10
25882,12
25885,7
25892,14
25898,4
25900,6
25902,4
25906,2
25912,8
25913,14
25917,13
25919,4
25920,12
25926,1
25927,9
25929,5
25934,12
25937,6
25938,11
25942,10
25945,6
25946,6
25947,5
25953,4
25960,10
25961,13
25962,2
25965,15
25968,14
25977,14
25978,2
25980,14
25981,12
25983,10
25985,1
25989,9
26002,9
26011,2
26018,9
26037,4
26039,14
26042,11
26046,15
26047,6
26048,4
26054,3
26059,12
26063,11
26064,8
26065,13
26069,3
26070,14
26074,3
26081,15
26093,5
26094,10
26103,14
26107,10
26116,3
26127,12
26128,1
26130,11
26133,10
26134,1
26136,12
26137,6
26142,11
26144,2
26149,3
26151,15
26155,13
26160,8
26162,1
26164,7
26167,13
26171,5
26173,4
26174,11
26175,8
26177,10
26179,5
26185,1
26188,9
26192,13
26198,9
26204,8
26208,6
26211,5
26215,7
26217,7
26220,10
26221,11
26222,6
26227,2
26235,15
26241,10
26244,5
26246,9
26247,7
26248,7
26253,14
26258,3
26265,6
26266,10
26274,6
26277,11
26279,5
26283,11
26285,10
26286,14
26288,13
26290,9
26295,10
26299,10
26302,13
26304,9
26313,10
26317,9
26322,6
26325,1
26327,2
26336,12
26338,15
26341,2
26344,2
26347,13
26353,6
26354,14
26355,9
26369,9
26374,6
26375,14
26378,2
26379,4
26384,6
26387,8
26388,15
26393,13
26395,9
26398,2
26402,12
26407,11
26409,5
26412,6
26418,7
26428,6
26429,15
26435,5
26437,5
26441,12
26442,2
26443,3
26445,7
26454,14
26456,8
26458,8
26473,5
26478,6
26484,10
26485,2
26486,11
26490,7
26497,13
26504,15
26514,7
26519,8
26525,14
26527,5
26531,2
26532,1
26544,11
26546,7
26548,8
26553,9
26557,13
26559,9
26562,6
26563,9
26564,3
26567,13
26571,11
26577,4
26579,13
26583,13
26585,8
26588,15
26589,12
26597,1
26602,12
26603,2
26607,2
26611,3
26613,2
26618,13
26623,13
26626,9
26629,15
26630,9
26633,5
26634,2
26635,5
26643,15
26646,4
26647,11
26652,11
26653,2
26656,11
26659,11
26667,10
26668,10
26670,11
26672,1
26673,14
26685,14
26692,6
26698,11
26699,5
26701,15
26702,14
26703,12
26708,12
26711,12
26713,11
26718,9
26719,1
26721,13
26730,15
26731,13
26734,3
26737,8
26740,5
26746,5
26751,13
26754,5
26765,4
26766,6
26782,1
26783,14
26786,3
26793,6
26798,12
26801,2
26802,2
26805,12
26806,13
26808,15
26815,2
26818,12
26822,9
26832,5
26835,13
26837,9
26839,13
26841,13
26842,14
26843,5
26844,10
26846,13
26848,5
26852,12
26853,4
26854,1
26855,15
26859,10
26862,8
26867,5
26875,11
26878,2
26879,13
26886,15
26888,2
26892,4
26899,12
26902,3
26903,6
26905,6
26906,5
26911,15
26914,14
26915,15
26917,2
26923,15
26926,14
26932,5
26934,11
26935,15
26936,14
26937,8
26938,5
26944,1
26946,9
26947,15
26954,10
26966,9
26968,14
26971,5
26978,2
26979,6
26980,13
26981,11
26988,14
26992,11
26995,5
27010,14
27014,5
27016,4
27021,10
27023,8
27024,4
27025,12
27034,1
27041,12
27046,13
27047,2
27049,14
27051,4
27052,5
27060,14
27067,4
27069,5
27072,11
27075,13
27077,8
27078,12
27084,4
27092,6
27099,3
27100,9
27105,15
27112,13
27114,9
27126,15
27127,2
27133,14
27136,14
27139,12
27141,6
27143,11
27145,6
27148,6
27155,15
27162,14
27164,1
27168,13
27170,14
27171,11
27172,6
27177,10
27182,8
27183,10
27186,6
27188,10
27198,15
27199,11
27202,12
27218,6
27219,2
27220,1
27222,2
27223,5
27225,6
27226,14
27230,6
27245,4
27246,2
27255,10
27257,13
27260,7
27268,3
27271,8
27275,10
27284,6
27289,14
27301,4
27303,14
27307,2
27309,11
27310,15
27315,11
27316,12
27318,2
27319,5
27324,2
27326,1
27329,1
27331,8
27333,9
27336,10
27338,6
27342,3
27346,8
27348,8
27349,4
27363,12
27368,4
27369,9
27377,3
27383,5
27384,5
27387,9
27397,12
27410,3
27416,13
27427,12
27428,3
27429,1
27446,7
27461,12
27470,5
27472,6
27474,10
27477,13
27490,9
27493,3
27496,13
27501,14
27507,9
27508,8
27514,10
27518,3
27521,13
27522,6
27526,3
27529,4
27530,1
27532,5
27540,9
27549,12
27553,5
27564,3
27565,6
27569,3
27572,7
27573,5
27580,3
27582,14
27586,2
27587,15
27589,1
27595,12
27605,13
27612,11
27620,6
27630,9
27632,15
27633,12
27634,5
27635,12
27637,3
27640,4
27641,10
27650,9
27652,11
27656,13
27660,14
27667,12
27669,9
27677,11
27679,15
27681,1
27690,9
27695,5
27696,1
27700,11
27702,13
27706,14
27707,15
27710,11
27717,5
27718,7
27723,9
27731,5
27734,9
27736,11
27737,1
27738,14
27740,4
27741,2
27749,4
27752,8
27757,10
27759,7
27765,1
27766,8
27773,3
27776,11
27778,3
27793,10
27798,10
27801,2
27802,3
27811,10
27819,14
27827,10
27833,11
27835,13
27836,4
27838,8
27839,1
27856,10
27860,6
27862,15
27865,4
27867,12
27872,5
27877,4
27881,12
27882,15
27883,8
27886,10
27888,10
27890,15
27894,2
27903,1
27910,5
27912,9
27913,11
27915,6
27916,6
27920,3
27926,8
27928,3
27934,11
27938,15
27939,5
27942,10
27945,13
27950,5
27960,11
27962,15
27963,10
27965,15
27966,2
27971,8
27976,4
27979,8
27981,2
27984,11
27988,14
27989,7
27992,15
27997,14
27999,12
28001,3
28002,8
28005,4
28006,8
28011,5
28014,12
28015,9
28020,13
28026,11
28030,14
28032,2
28039,14
28043,11
28048,5
28049,3
28051,4
28053,8
28058,7
28061,15
28064,1
28075,10
28081,1
28084,12
28088,6
28089,6
28090,7
28098,15
28101,4
28121,15
28132,9
28140,1
28143,2
28154,7
28156,7
28157,10
28158,9
28159,8
28166,8
28169,13
28180,1
28185,13
28196,1
28202,12
28205,11
28206,11
28208,15
28211,2
28218,3
28227,7
28233,12
28247,3
28252,8
28258,2
28260,3
28264,10
28265,2
28275,3
28288,11
28293,15
28294,9
28297,7
28299,10
28301,1
28306,11
28310,13
28312,6
28316,10
28318,8
28320,3
28321,4
28328,3
28331,13
28335,12
28349,9
28350,5
28360,6
28363,4
28373,1
28376,2
28380,3
28381,11
28388,14
28390,12
28391,11
28393,13
28400,8
28405,10
28417,8
28418,2
28434,5
28440,13
28452,13
28455,14
28459,2
28461,10
28463,6
28465,8
28468,1
28470,3
28478,13
28483,1
28485,12
28486,2
28488,6
28492,15
28495,10
28499,9
28501,15
28507,14
28512,3
28529,11
28530,2
28532,11
28535,11
28537,6
28543,7
28555,4
28558,7
28562,4
28564,2
28565,15
28569,11
28571,1
28572,5
28573,12
28577,14
28583,15
28584,7
28587,2
28589,13
28591,15
28598,4
28602,12
28605,2
28607,4
28608,8
28609,1
28610,3
28614,13
28620,15
28622,11
28628,14
28633,2
28635,12
28637,4
28638,9
28639,5
28640,1
28643,14
28652,8
28655,5
28656,5
28657,7
28659,14
28664,10
28675,1
28676,4
28682,9
28698,4
28706,10
28709,13
28721,12
28722,8
28726,13
28728,1
28730,13
28732,8
28734,11
28738,14
28741,10
28746,8
28747,11
28750,10
28753,7
28755,5
28760,10
28763,7
28766,9
28777,13
28788,1
28790,2
28794,9
28796,6
28797,1
28798,11
28799,1
28821,9
28826,15
28829,10
28832,8
28838,4
28840,8
28841,3
28844,8
28847,1
28850,7
28863,6
28865,13
28867,14
28874,15
28875,6
28876,4
28881,10
28884,4
28886,6
28888,7
28891,6
28899,2
28910,14
28921,5
28925,1
28929,1
28932,11
28943,11
28946,14
28950,14
28951,11
28959,4
28963,1
28965,8
28967,13
28968,12
28970,5
28975,6
28976,8
28977,9
28981,10
28983,6
28991,14
28993,4
28997,9
29001,9
29009,5
29010,8
29014,6
29017,11
29019,14
29029,10
29031,2
29035,5
29041,11
29047,5
29048,12
29049,2
29052,6
29053,11
29056,14
29058,11
29061,14
29062,9
29067,1
29071,7
29074,8
29075,14
29080,1
29084,11
29090,1
29093,4
29095,9
29097,5
29101,5
29110,3
29115,14
29118,3
29120,2
29124,3
29126,5
29133,3
29135,10
29143,12
29148,3
29149,4
29154,12
29156,4
29158,15
29165,7
29169,13
29171,1
29172,9
29176,12
29179,5
29183,13
29194,11
29195,15
29197,1
29199,15
29204,10
29208,12
29211,13
29213,6
29216,5
29218,2
29219,2
29232,15
29241,10
29244,15
29246,12
29249,15
29252,8
29257,7
29258,12
29266,1
29267,15
29268,13
29269,15
29270,9
29272,11
29277,12
29279,6
29285,8
29286,11
29297,6
29298,14
29303,4
29305,1
29308,2
29312,12
29316,4
29318,13
29333,15
29335,5
29337,5
29345,15
29347,10
29356,8
29363,5
29364,10
29383,2
29388,5
29395,6
29396,11
29397,1
29400,3
29402,1
29403,11
29416,3
29421,15
29426,2
29429,11
29438,8
29440,5
29459,4
29463,5
29465,15
29469,3
29477,1
29486,12
29488,13
29490,11
29497,7
29509,10
29510,8
29514,10
29519,15
29522,9
29525,13
29526,1
29536,3
29537,4
29539,2
29541,11
29543,8
29550,1
29553,9
29554,1
29557,14
29558,8
29564,4
29570,13
29580,10
29589,5
29591,2
29593,3
29596,14
29599,4
29605,7
29613,14
29620,15
29628,11
29649,8
29653,2
29654,9
29660,12
29665,13
29666,10
29669,9
29672,5
29676,3
29677,1
29678,13
29682,4
29688,9
29697,15
29702,12
29704,5
29706,6
29713,7
29715,8
29716,3
29730,5
29735,4
29738,15
29739,11
29742,6
29747,14
29750,7
29753,8
29754,11
29760,14
29768,10
29771,3
29772,15
29775,4
29778,6
29781,1
29786,3
29788,10
29805,2
29814,6
29822,7
29825,5
29839,14
29840,6
29843,15
29846,4
29853,13
29858,9
29864,6
29866,13
29868,9
29872,5
29876,3
29884,5
29887,10
29889,10
29891,12
29892,11
29899,13
29902,1
29906,7
29909,15
29922,12
29923,12
29935,2
29937,11
29942,9
29943,13
29948,6
29949,2
29950,10
29952,15
29955,10
29956,3
29957,4
29959,5
29960,13
29963,3
29975,5
29981,5
29983,9
29988,8
29994,12
29995,15
29996,3
29997,9
30001,8
30003,7
30009,1
30019,9
30028,11
30029,10
30030,8
30031,7
30036,4
30037,7
30041,11
30043,5
30047,15
30050,5
30051,7
30053,9
30059,14
30065,1
30072,6
30073,15
30081,13
30082,4
30085,6
30099,15
30101,5
30102,1
30108,11
30112,2
30132,8
30133,2
30135,1
30140,11
30141,11
30148,2
30152,7
30160,10
30162,13
30164,3
30166,12
30170,14
30171,10
30172,9
30179,5
30180,12
30186,4
30203,13
30204,7
30208,12
30223,7
30224,3
30230,8
30240,2
30243,15
30245,14
30247,13
30248,9
30254,15
30255,3
30259,2
30260,14
30263,2
30265,6
30267,6
30273,10
30274,13
30275,1
30276,4
30281,15
30283,12
30287,1
30295,7
30301,11
30303,6
30313,13
30315,1
30316,14
30320,3
30325,9
30327,15
30332,14
30347,7
30348,4
30350,15
30356,7
30357,2
30358,1
30361,1
30363,9
30367,10
30371,13
30372,5
30373,13
30375,8
30376,5
30379,1
30389,7
30391,1
30392,3
30395,9
30397,7
30402,14
30403,11
30404,5
30406,10
30407,1
30424,6
30425,10
30428,2
30429,2
30434,14
30439,2
30440,1
30446,13
30450,14
30452,3
30455,9
30458,3
30459,6
30460,14
30464,5
30469,15
30471,2
30474,4
30475,15
30477,12
30479,6
30489,2
30490,7
30492,11
30497,11
30499,3
30500,6
30502,2
30503,12
30504,5
30507,10
30526,10
30528,8
30533,14
30538,6
30547,13
30554,4
30555,8
30559,9
30561,8
30566,11
30567,12
30572,5
30585,7
30590,15
30601,8
30608,15
30612,3
30619,10
30621,8
30625,13
30630,4
30637,7
30638,14
30648,5
30650,14
30656,10
30658,9
30661,7
30667,12
30668,4
30670,10
30672,7
30673,11
30687,15
30693,3
30696,10
30699,13
30704,2
30712,13
30713,2
30715,14
30716,2
30717,11
30732,15
30733,8
30737,12
30741,1
30745,6
30746,11
30752,2
30753,6
30756,1
30757,12
30759,2
30760,1
30772,11
30773,14
30774,15
30776,1
30778,14
30785,10
30789,5
30794,13
30801,11
30804,9
30813,2
30819,15
30821,11
30824,12
30825,14
30830,6
30841,13
30861,12
30864,13
30867,12
30869,14
30873,6
30881,5
30883,12
30884,13
30885,1
30886,5
30888,5
30890,2
30892,13
30895,13
30898,4
30901,5
30904,12
30905,13
30906,15
30913,13
30917,6
30918,9
30920,2
30932,6
30933,4
30940,1
30947,1
30951,12
30957,12
30963,5
30971,4
30973,14
30989,6
30992,9
30996,12
30998,7
31007,1
31014,9
31016,13
31020,14
31025,5
31028,12
31030,6
31038,4
31059,15
31069,8
31074,9
31079,4
31088,5
31096,12
31106,5
31107,9
31113,7
31115,13
31119,4
31126,10
31133,13
31137,3
31142,13
31145,11
31147,6
31152,12
31157,10
31158,6
31160,1
31162,6
31167,1
31170,2
31172,11
31174,3
31177,15
31185,5
31188,3
31193,4
31194,11
31195,15
31196,10
31198,10
31199,2
31200,1
31202,7
31203,12
31215,11
31218,13
31223,2
31227,15
31230,4
31234,1
31236,14
31238,13
31248,8
31250,2
31252,2
31253,5
31256,9
31258,4
31262,2
31263,11
31268,7
31280,12
31300,5
31309,1
31311,4
31312,9
31317,3
31320,10
31321,14
31329,7
31330,6
31336,8
31337,3
31339,10
31342,8
31345,7
31350,13
31352,2
31362,3
31363,3
31365,7
31369,8
31372,15
31375,10
31377,13
31378,7
31380,1
31391,4
31392,13
31395,6
31399,8
31409,2
31413,6
31417,1
31429,7
31433,7
31443,5
31444,9
31453,9
31455,11
31459,15
31460,7
31462,5
31464,4
31477,7
31478,5
31481,14
31493,10
31494,6
31497,14
31500,8
31522,3
31523,7
31530,3
31531,4
31540,14
31544,14
31546,9
31547,5
31548,4
31568,3
31570,6
31573,2
31575,4
31579,9
31580,2
31584,9
31591,3
31593,1
31600,11
31603,11
31605,13
31612,6
31615,5
31616,4
31617,5
31635,10
31642,10
31649,12
31650,8
31653,1
31662,11
31667,15
31668,7
31674,13
31675,14
31679,3
31680,7
31681,10
31682,2
31687,14
31689,14
31690,15
31691,12
31694,8
31698,11
31699,15
31700,3
31706,15
31713,8
31737,7
31748,7
31750,5
31756,3
31758,15
31761,2
31763,2
31764,3
31765,3
31766,4
31769,15
31770,12
31775,6
31777,1
31778,4
31795,8
31796,5
31799,9
31803,13
31804,15
31806,11
31808,6
31811,1
31815,12
31818,8
31819,10
31820,7
31821,9
31829,3
31834,3
31835,12
31839,2
31843,12
31846,6
31857,4
31859,3
31865,2
31867,13
31869,13
31872,2
31874,8
31887,9
31897,4
31898,12
31902,13
31903,9
31906,10
31911,4
31922,3
31926,12
31928,2
31936,8
31937,5
31940,11
31951,4
31959,3
31969,10
31970,8
31976,5
31980,7
31984,12
31985,1
31987,10
31992,15
31993,10
31998,11
32000,5
32001,6
32003,12
32006,5
32008,7
32013,1
32014,1
32016,15
32018,13
32021,4
32025,11
32032,10
32033,10
32037,13
32046,8
32048,14
32052,14
32056,8
32057,9
32060,2
32065,4
32077,11
32083,1
32086,10
32089,2
32090,15
32094,2
32095,8
32103,9
32114,9
32117,8
32119,8
32122,14
32128,10
32130,8
32133,4
32136,11
32137,11
32140,11
32147,13
32151,5
32158,4
32166,14
32167,7
32170,8
32171,3
32173,12
32184,12
32185,5
32195,6
32198,2
32202,13
32203,4
32209,15
32210,5
32217,15
32218,13
32220,1
32229,12
32234,11
32238,11
32245,13
32250,15
32251,15
32260,11
32264,15
32266,12
32267,3
32274,12
32277,8
32282,9
32288,2
32293,4
32294,8
32300,9
32302,8
32307,11
32313,1
32314,11
32315,12
32318,9
32328,1
32329,14
32340,13
32341,5
32349,9
32352,13
32355,8
32357,3
32359,3
32360,1
32366,14
32374,2
32376,14
32378,2
32390,15
32392,10
32394,4
32398,5
32402,11
32403,11
32407,7
32408,13
32410,8
32412,1
32416,15
32428,10
32436,5
32443,7
32444,3
32446,7
32453,14
32455,5
32459,3
32462,14
32464,15
32466,8
32469,8
32474,10
32475,2
32481,12
32483,1
32485,3
32498,3
32499,13
32500,1
32505,6
32518,5
32521,2
32522,15
32523,15
32531,11
32537,5
32543,4
32544,1
32545,3
32548,14
32552,5
32554,12
32555,14
32558,11
32562,7
32570,8
32575,4
32578,10
32582,3
32621,10
32640,1
32643,9
32650,3
32653,11
32662,14
32666,14
32668,12
32677,2
32684,9
32686,13
32689,4
32690,6
32695,7
32700,1
32716,2
32717,9
32728,9
32733,1
32734,5
32742,11
32745,12
32754,11
32762,11
32770,2
32780,2
32781,12
32785,4
32787,7
32788,7
32789,12
32790,15
32793,5
32795,5
32797,14
32805,3
32811,7
32814,1
32818,4
32819,15
32821,5
32824,10
32833,5
32834,5
32837,2
32838,4
32853,11
32854,9
32856,2
32859,4
32860,5
32865,3
32870,14
32873,15
32882,10
32883,15
32884,10
32887,14
32890,1
32893,6
32896,1
32900,5
32915,7
32923,7
32931,5
32936,1
32942,11
32943,10
32944,10
32950,1
32951,3
32953,7
32954,15
32960,12
32968,13
32973,15
32977,10
32979,6
32980,8
32985,3
32993,4
32997,15
32998,9
33005,15
33006,14
33009,12
33013,9
33014,14
33015,10
33022,9
33025,6
33027,13
33030,13
33037,9
33039,1
33041,3
33042,11
33045,15
33047,9
33053,14
33055,7
33057,3
33058,8
33059,8
33061,4
33063,10
33068,8
33073,1
33076,12
33079,13
33080,5
33085,9
33087,13
33090,4
33091,2
33097,15
33106,6
33111,10
33113,2
33116,9
33119,1
33122,15
33123,8
33128,9
33137,8
33145,15
33148,14
33164,2
33181,6
33187,1
33193,13
33202,7
33209,13
33224,2
33229,12
33232,3
33240,12
33242,15
33257,2
33259,15
33260,12
33261,10
33262,14
33270,1
33272,12
33280,13
33283,1
33284,5
33289,11
33294,8
33302,15
33305,5
33307,15
33308,8
33313,12
33315,14
33317,13
33325,9
33326,15
33330,11
33333,9
33334,7
33339,6
33364,3
33365,9
33370,5
33372,15
33380,6
33383,7
33386,7
33391,14
33392,14
33395,6
33396,15
33402,11
33406,8
33408,6
33416,10
33419,12
33420,6
33425,8
33426,4
33429,9
33430,5
33434,4
33443,5
33453,7
33454,1
33455,14
33458,11
33459,12
33462,15
33467,10
33474,1
33475,5
33479,5
33481,9
33484,8
33485,3
33486,8
33489,11
33500,9
33507,8
33530,4
33535,1
33537,9
33546,5
33552,13
33564,4
33579,8
33589,9
33597,12
33599,12
33605,11
33606,5
33607,13
33617,14
33624,6
33630,9
33632,5
33652,7
33654,10
33657,2
33661,11
33664,2
33669,9
33679,10
33682,9
33688,11
33689,11
33709,6
33715,2
33719,3
33723,2
33725,8
33726,9
33732,7
33741,4
33746,3
33747,4
33748,2
33749,8
33753,11
33754,10
33757,3
33760,15
33771,8
33772,3
33776,2
33777,15
33784,8
33788,6
33790,9
33796,15
33801,10
33803,5
33808,6
33818,3
33820,2
33822,7
33824,9
33826,4
33827,3
33830,12
33831,7
33839,6
33840,14
33842,13
33844,10
33849,3
33850,15
33852,2
33853,1
33859,3
33868,5
33871,8
33876,12
33878,15
33882,1
33883,8
33887,10
33892,5
33894,2
33895,2
33901,6
33903,13
33905,10
33907,4
33908,5
33910,10
33911,10
33916,4
33923,4
33924,7
33931,5
33932,1
33933,8
33938,13
33940,15
33942,7
33944,13
33948,12
33955,10
33958,13
33959,9
33960,1
33965,13
33969,6
33971,1
33986,9
33987,7
33988,1
33999,3
34000,14
34012,8
34014,13
34018,9
34019,2
34027,13
34028,4
34031,15
34035,12
34037,10
34041,10
34043,8
34044,4
34047,3
34052,1
34053,7
34054,15
34059,7
34062,7
34065,8
34066,15
34069,7
34071,10
34080,10
34081,3
34085,3
34089,11
34090,6
34094,1
34102,1
34106,6
34109,6
34110,13
34111,13
34113,1
34119,6
34124,3
34132,5
34133,13
34135,11
34137,14
34138,6
34139,2
34140,2
34143,13
34145,2
34147,15
34150,8
34151,15
34159,9
34164,5
34166,8
34167,9
34170,2
34171,12
34174,2
34175,14
34185,10
34186,10
34189,13
34195,10
34199,7
34200,3
34201,5
34202,11
34216,6
34222,3
34227,14
34229,15
34237,14
34240,5
34241,4
34243,7
34245,5
34252,8
34256,7
34257,1
34258,8
34270,8
34272,14
34275,2
34276,10
34277,15
34279,11
34283,4
34286,4
34288,7
34290,14
34291,1
34292,6
34293,8
34297,5
34298,10
34299,9
34301,8
34307,13
34309,12
34310,3
34312,13
34314,13
34316,13
34320,3
34325,1
34326,13
34328,2
34339,12
34348,4
34351,3
34353,1
34358,15
34360,12
34361,1
34363,12
34371,3
34377,9
34378,9
34385,13
34386,12
34387,11
34390,3
34394,7
34395,5
34397,14
34406,9
34409,8
34412,15
34423,13
34437,3
34442,5
34445,9
34454,9
34456,9
34460,9
34462,11
34465,4
34468,9
34472,8
34485,13
34486,11
34487,2
34493,3
34495,1
34498,12
34503,1
34508,10
34512,10
34513,3
34518,8
34526,7
34527,2
34531,11
34542,2
34547,6
34548,4
34550,15
34552,15
34557,4
34563,10
34564,10
34566,8
34568,1
34569,2
34574,8
34575,1
34577,12
34578,7
34590,8
34595,10
34598,12
34599,9
34600,5
34601,4
34607,1
34620,8
34625,10
34631,8
34635,14
34636,14
34641,4
34655,2
34656,8
34658,13
34661,2
34669,12
34670,3
34673,1
34678,6
34683,8
34685,11
34686,3
34687,15
34691,9
34692,12
34694,6
34698,14
34705,11
34709,10
34716,10
34717,10
34726,4
34732,9
34735,14
34741,10
34744,5
34746,1
34747,4
34750,7
34753,1
34756,5
34757,1
34758,9
34762,2
34773,2
34785,12
34790,2
34795,2
34803,1
34806,11
34808,1
34812,14
34813,8
34826,13
34832,9
34838,11
34842,12
34848,4
34849,5
34869,15
34880,6
34892,1
34895,9
34899,3
34901,15
34906,10
34909,3
34910,3
34914,6
34919,5
34920,1
34923,11
34924,15
34926,2
34930,7
34936,10
34939,6
34941,11
34950,9
34954,11
34958,4
34962,1
34963,12
34969,5
34971,5
34981,6
34985,8
34986,9
34993,11
34999,13
35002,4
35004,14
35009,14
35010,6
35015,7
35017,8
35020,12
35021,9
35022,4
35029,3
35030,6
35031,12
35034,10
35036,13
35041,2
35042,15
35044,7
35047,7
35051,15
35055,6
35056,7
35057,3
35058,6
35065,15
35068,14
35070,4
35074,4
35076,7
35080,15
35082,5
35087,2
35094,8
35095,10
35099,8
35103,15
35104,12
35106,12
35113,6
35117,13
35119,7
35123,2
35129,11
35131,10
35132,2
35137,2
35143,10
35151,8
35154,9
35155,8
35159,12
35168,1
35170,2
35178,10
35179,9
35182,3
35190,8
35191,4
35192,3
35196,14
35201,15
35206,9
35209,8
35218,4
35228,7
35233,8
35234,6
35252,10
35255,11
35257,15
35260,1
35261,9
35264,10
35270,12
35272,3
35273,15
35279,5
35280,12
35281,5
35285,13
35287,15
35288,3
35289,10
35298,15
35299,12
35306,10
35314,2
35316,7
35319,1
35320,1
35323,15
35331,13
35333,4
35334,9
35338,11
35352,11
35354,3
35362,7
35367,12
35374,8
35385,9
35387,3
35388,10
35389,15
35391,11
35393,14
35403,10
35413,15
35416,10
35418,12
35434,9
35451,15
35457,13
35458,11
35459,1
35460,14
35464,3
35466,14
35468,15
35470,8
35472,4
35476,7
35496,15
35498,10
35499,7
35504,4
35518,14
35519,15
35522,1
35528,8
35529,8
35531,14
35534,11
35544,14
35545,1
35550,14
35554,1
35565,4
35569,3
35572,10
35573,3
35575,8
35577,4
35578,7
35585,9
35591,5
35593,11
35595,9
35600,1
35603,9
35604,14
35612,7
35613,8
35616,10
35617,5
35635,4
35639,8
35646,10
35652,15
35658,13
35659,13
35662,9
35672,12
35678,15
35680,10
35682,10
35683,5
35687,7
35690,13
35694,12
35700,3
35701,2
35710,5
35713,5
35718,13
35720,5
35722,11
35725,8
35727,2
35729,14
35734,5
35737,6
35738,3
35744,14
35746,6
35752,11
35754,15
35760,6
35763,5
35767,3
35768,6
35770,4
35771,14
35776,9
35786,7
35787,8
35793,3
35798,9
35810,7
35812,13
35813,8
35817,8
35819,4
35820,4
35834,3
35839,1
35847,13
35852,7
35853,14
35857,11
35858,4
35859,12
35860,11
35861,8
35862,13
35863,4
35880,10
35882,11
35885,2
35887,8
35897,15
35899,6
35901,14
35905,14
35910,3
35916,13
35918,3
35919,6
35924,7
35929,7
35932,8
35935,2
35937,8
35941,6
35942,8
35945,3
35949,6
35952,12
35953,6
35954,3
35955,1
35958,12
35960,15
35961,7
35964,14
35967,3
35972,5
35973,14
35975,14
35977,4
35981,9
35984,4
35985,7
35987,1
35992,10
35993,15
35994,11
35996,15
36000,2
36002,4
36006,7
36011,8
36013,15
36024,10
36036,3
36040,1
36044,4
36048,3
36050,8
36052,7
36053,13
36062,9
36076,14
36077,5
36087,7
36089,1
36098,9
36100,9
36101,3
36110,13
36115,12
36116,14
36120,2
36125,14
36126,15
36131,3
36133,10
36134,4
36138,12
36148,8
36160,5
36161,5
36163,15
36164,14
36168,3
36171,7
36174,7
36177,6
36182,8
36187,1
36203,12
36214,10
36220,8
36227,4
36233,8
36241,3
36247,11
36253,14
36255,8
36256,11
36263,10
36265,2
36268,15
36270,5
36273,14
36278,3
36281,4
36286,4
36288,13
36289,9
36293,2
36305,15
36306,12
36307,6
36322,15
36326,7
36327,9
36335,10
36337,13
36344,8
36346,7
36349,11
36352,15
36354,10
36355,6
36356,8
36366,3
36377,15
36381,10
36388,8
36389,1
36400,3
36401,6
36402,10
36406,1
36409,12
36411,11
36412,11
36416,6
36420,10
36422,9
36424,5
36425,1
36435,5
36440,5
36441,13
36442,1
36444,12
36447,14
36458,4
36460,12
36461,5
36462,13
36467,15
36471,4
36473,6
36475,6
36480,14
36481,6
36483,1
36484,5
36499,3
36502,4
36511,14
36512,3
36516,2
36517,10
36521,12
36525,10
36526,13
36531,8
36532,4
36533,5
36535,1
36538,13
36539,6
36540,2
36547,14
36548,10
36550,2
36553,8
36557,15
36563,8
36577,3
36579,7
36586,7
36593,15
36594,6
36595,15
36608,15
36610,5
36611,10
36614,12
36617,5
36630,2
36632,9
36637,14
36639,8
36641,6
36645,6
36646,4
36647,7
36648,4
36652,13
36655,11
36670,4
36676,1
36678,1
36683,2
36685,4
36686,3
36693,7
36694,4
36695,10
36697,3
36701,2
36715,7
36718,7
36719,4
36725,15
36727,11
36731,10
36732,14
36737,3
36744,2
36745,3
36748,13
36753,12
36754,13
36759,5
36760,8
36761,5
36763,8
36764,8
36766,6
36774,5
36777,2
36783,12
36791,8
36793,3
36796,14
36800,4
36807,10
36810,13
36813,5
36815,6
36818,5
36821,14
36822,1
36832,4
36836,12
36841,13
36850,15
36855,6
36856,1
36858,6
36862,1
36863,4
36868,6
36873,8
36877,14
36885,9
36887,11
36889,12
36890,6
36897,9
36900,2
36901,9
36904,12
36905,14
36906,4
36908,14
36909,11
36910,10
36911,9
36921,2
36922,8
36927,2
36929,14
36930,5
36932,12
36934,6
36935,2
36947,12
36957,4
36961,8
36964,2
36967,2
36971,9
36972,8
36979,12
36983,1
36985,7
36986,11
36989,14
36995,12
37001,2
37002,2
37013,10
37014,15
37019,10
37028,9
37032,12
37033,3
37037,11
37039,11
37040,8
37047,9
37050,12
37052,13
37057,13
37058,8
37066,9
37071,5
37072,7
37079,4
37080,10
37082,15
37094,11
37096,12
37102,15
37103,14
37104,15
37105,9
37109,8
37112,12
37114,11
37116,15
37117,13
37118,7
37122,1
37131,9
37132,7
37133,14
37136,3
37137,8
37151,14
37152,11
37155,14
37163,14
37170,4
37174,3
37179,13
37180,8
37184,13
37196,9
37197,10
37199,5
37209,1
37212,14
37214,7
37220,15
37229,4
37232,5
37233,6
37234,5
37239,6
37242,15
37243,15
37245,7
37247,1
37248,15
37255,15
37261,3
37265,8
37266,5
37269,8
37277,13
37279,13
37280,11
37281,6
37284,1
37297,5
37305,11
37314,3
37316,15
37319,2
37320,3
37322,15
37333,8
37338,11
37339,5
37344,2
37350,4
37351,5
37352,15
37365,12
37376,7
37377,15
37379,2
37384,9
37385,7
37390,14
37391,5
37393,6
37395,7
37396,2
37398,9
37400,9
37401,10
37403,15
37405,10
37406,9
37407,5
37408,4
37409,6
37414,14
37417,1
37418,8
37432,3
37433,8
37440,5
37444,9
37446,4
37451,12
37455,8
37463,4
37464,8
37466,9
37467,13
37470,9
37473,1
37481,7
37483,14
37484,1
37491,2
37493,14
37498,11
37502,5
37503,12
37507,13
37518,6
37519,13
37520,4
37521,8
37531,11
37533,12
37538,9
37542,8
37544,12
37550,6
37558,13
37562,12
37566,7
37571,1
37575,10
37578,1
37584,9
37586,2
37589,2
37590,14
37592,8
37597,12
37599,4
37602,5
37605,6
37608,12
37611,15
37612,4
37615,9
37616,9
37623,5
37627,7
37628,3
37633,2
37637,4
37643,8
37647,12
37648,8
37654,13
37663,8
37664,13
37665,11
37667,8
37671,7
37674,4
37678,3
37681,3
37684,6
37686,13
37693,2
37698,7
37699,13
37700,8
37701,7
37704,12
37708,13
37709,13
37724,5
37726,9
37727,9
37732,8
37735,2
37746,15
37747,5
37763,3
37765,12
37772,3
37774,12
37779,12
37782,15
37784,5
37788,6
37789,1
37792,13
37799,4
37806,14
37811,11
37829,10
37831,3
37839,6
37846,3
37848,11
37862,3
37867,4
37882,10
37884,8
37885,1
37886,6
37888,7
37898,6
37906,1
37913,15
37915,3
37917,11
37920,6
37925,13
37931,14
37933,12
37939,15
37943,1
37944,13
37945,10
37952,9
37953,5
37957,14
37959,6
37962,15
37964,10
37970,15
37971,14
37979,10
37984,8
37986,8
37989,4
37990,15
37993,1
37996,1
38000,4
38012,9
38016,6
38018,15
38021,8
38024,1
38033,12
38034,1
38036,3
38038,3
38048,5
38049,11
38053,11
38055,12
38061,6
38070,11
38073,7
38075,11
38079,15
38082,11
38086,2
38090,10
38093,13
38096,11
38100,7
38101,4
38104,8
38105,10
38107,3
38108,12
38110,7
38111,1
38114,2
38120,4
38121,14
38123,11
38128,5
38130,14
38137,12
38138,15
38142,14
38143,5
38144,5
38150,5
38152,9
38160,15
38165,15
38167,12
38168,5
38169,4
38176,2
38178,8
38182,1
38190,12
38191,14
38197,3
38198,1
38199,7
38202,11
38214,12
38215,12
38223,10
38225,5
38232,9
38235,14
38238,4
38241,3
38243,15
38245,2
38247,6
38253,2
38257,10
38264,11
38266,4
38267,4
38268,13
38270,15
38271,13
38272,4
38284,9
38291,4
38294,3
38297,8
38299,3
38301,14
38305,13
38311,7
38312,5
38314,1
38318,5
38323,5
38324,10
38337,4
38339,13
38347,9
38350,4
38351,1
38359,15
38360,3
38361,2
38365,4
38374,13
38379,13
38380,15
38381,14
38384,10
38387,8
38388,13
38390,3
38392,10
38393,4
38399,10
38403,10
38407,15
38411,6
38413,3
38416,8
38419,1
38423,10
38428,4
38429,9
38433,11
38436,14
38442,1
38453,9
38458,15
38459,9
38465,8
38469,7
38477,3
38482,5
38483,8
38488,15
38489,2
38493,12
38510,14
38525,13
38532,14
38537,9
38541,6
38544,10
38549,2
38552,11
38562,7
38563,6
38581,10
38587,8
38595,9
38607,11
38608,11
38609,14
38610,8
38618,11
38622,12
38623,11
38629,10
38630,9
38633,11
38634,14
38637,12
38644,14
38646,10
38657,9
38661,8
38663,15
38665,6
38668,9
38673,13
38677,14
38679,14
38680,14
38682,15
38684,7
38688,10
38692,10
38699,15
38700,9
38714,2
38720,11
38723,14
38729,9
38734,2
38735,10
38736,1
38737,1
38740,14
38741,1
38743,1
38745,8
38750,9
38751,12
38753,11
38754,9
38756,5
38757,10
38766,14
38767,1
38768,13
38775,8
38776,7
38779,9
38781,12
38785,6
38794,12
38797,7
38798,3
38803,12
38804,15
38805,1
38823,5
38830,1
38832,9
38836,11
38837,1
38843,8
38844,5
38847,2
38850,8
38853,12
38854,12
38856,11
38862,11
38863,13
38864,1
38867,4
38870,3
38883,7
38890,12
38891,3
38893,15
38897,9
38898,2
38899,6
38905,13
38924,6
38932,6
38933,12
38938,4
38939,13
38940,3
38944,9
38945,9
38947,15
38948,5
38951,12
38953,2
38954,5
38966,9
38973,10
38985,6
38990,1
38991,3
38993,3
39001,10
39007,2
39010,10
39024,12
39026,13
39031,11
39033,6
39037,7
39042,8
39050,12
39051,5
39052,10
39058,3
39067,10
39084,1
39089,8
39090,3
39096,8
39098,3
39103,4
39104,10
39109,5
39112,5
39126,14
39132,11
39134,14
39138,15
39139,7
39155,13
39167,11
39172,10
39181,4
39187,4
39188,8
39193,10
39194,3
39198,7
39201,4
39202,8
39209,10
39210,10
39212,14
39215,13
39217,13
39226,11
39227,6
39236,6
39241,5
39256,7
39267,13
39269,4
39270,4
39282,4
39284,5
39285,12
39286,4
39288,10
39291,11
39293,1
39301,10
39302,5
39303,6
39306,8
39307,3
39309,14
39310,5
39314,9
39318,3
39321,9
39328,11
39330,5
39336,8
39339,11
39341,4
39343,10
39344,14
39345,7
39347,15
39348,12
39353,13
39358,13
39361,9
39362,3
39363,8
39365,4
39366,1
39369,3
39371,15
39374,15
39380,6
39382,14
39383,1
39385,2
39389,14
39391,11
39395,12
39398,6
39400,8
39404,1
39410,11
39413,8
39415,7
39425,12
39428,13
39429,3
39433,5
39437,7
39450,11
39452,8
39458,2
39461,2
39467,1
39471,2
39472,8
39474,5
39477,2
39481,10
39485,12
39489,4
39493,2
39494,12
39497,8
39503,5
39506,4
39512,14
39513,5
39516,11
39517,6
39521,13
39526,5
39527,11
39528,1
39529,8
39530,12
39532,12
39533,7
39539,3
39543,5
39545,4
39549,14
39553,12
39559,9
39561,3
39564,9
39565,12
39567,7
39571,9
39584,10
39589,2
39590,15
39591,5
39594,12
39596,8
39602,4
39603,13
39616,10
39627,13
39635,5
39640,6
39641,15
39642,5
39646,10
39647,1
39649,8
39651,10
39654,11
39655,2
39666,8
39667,3
39668,5
39669,3
39679,4
39681,3
39682,14
39690,2
39691,12
39694,5
39695,8
39697,13
39699,15
39705,11
39713,13
39716,6
39725,1
39730,3
39731,8
39733,15
39741,15
39745,10
39752,13
39754,13
39756,9
39758,9
39763,11
39764,9
39766,3
39767,3
39773,1
39782,8
39783,1
39787,15
39788,4
39790,10
39797,3
39802,13
39806,2
39807,14
39808,3
39815,14
39819,11
39821,10
39822,3
39823,9
39824,6
39826,7
39827,8
39829,5
39831,14
39832,15
39833,4
39836,12
39843,5
39846,11
39848,2
39854,14
39855,3
39863,7
39865,9
39876,6
39879,8
39892,12
39904,9
39908,4
39914,6
39917,4
39919,5
39925,3
39932,10
39935,4
39937,2
39945,5
39948,6
39955,9
39960,1
39965,3
39966,11
39967,12
39969,12
39973,2
39975,4
39976,12
39980,12
39981,2
39984,11
39985,2
39988,6
39990,1
39992,6
39995,14
39996,13
39999,7
